object={
	name="steppe_bush_01_generator_0"
	clamp_to_water_level=no
	render_under_water=no
	generated_content=yes
	layer="grass_layer"
	pdxmesh="steppe_bush_01_mesh"
	count=214
	transform="4092.059082 0.000000 1532.361328 0.000000 0.087141 0.000000 0.996196 0.250923 0.250923 0.250923
4093.155273 0.000000 1536.431519 0.000000 0.447132 0.000000 0.894468 0.321013 0.321013 0.321013
3324.059326 0.000000 2283.262695 0.000000 0.911946 0.000000 -0.410311 0.569665 0.569665 0.569665
3325.912109 0.000000 2279.598389 0.000000 0.505377 0.000000 0.862898 0.324578 0.324578 0.324578
3319.889893 0.000000 2283.211182 0.000000 0.458940 0.000000 -0.888467 0.695964 0.695964 0.695964
3290.547607 0.000000 2288.954346 0.000000 0.418689 0.000000 -0.908130 0.703279 0.703279 0.703279
3298.353271 0.000000 2283.481934 0.000000 0.033303 0.000000 0.999445 0.221715 0.221715 0.221715
3291.876465 0.000000 2294.473389 0.000000 0.321289 0.000000 0.946981 0.260141 0.260141 0.260141
3318.192383 0.000000 2281.213135 0.000000 0.991853 0.000000 -0.127392 0.521526 0.521526 0.521526
3292.778320 0.000000 2285.756592 0.000000 0.749116 0.000000 0.662439 0.367588 0.367588 0.367588
3295.086670 0.000000 2285.946533 0.000000 0.626819 0.000000 -0.779165 0.663923 0.663923 0.663923
3292.242432 0.000000 2287.767334 0.000000 0.662870 0.000000 -0.748734 0.651569 0.651569 0.651569
3292.160645 0.000000 2289.957275 0.000000 0.997089 0.000000 -0.076252 0.514196 0.514196 0.514196
3293.654297 0.000000 2293.744141 0.000000 0.961938 0.000000 -0.273268 0.553208 0.553208 0.553208
3290.674561 0.000000 2287.278809 0.000000 0.778860 0.000000 -0.627197 0.627786 0.627786 0.627786
3293.199707 0.000000 2288.989258 0.000000 0.684925 0.000000 -0.728614 0.651825 0.651825 0.651825
3290.644287 0.000000 2295.052002 0.000000 0.986359 0.000000 0.164606 0.468109 0.468109 0.468109
3292.437744 0.000000 2293.176758 0.000000 0.999999 0.000000 -0.001353 0.500260 0.500260 0.500260
3363.046875 0.000000 2238.714844 0.000000 0.222035 0.000000 0.975039 0.265459 0.265459 0.265459
3329.569824 0.000000 2282.464600 0.000000 0.842068 0.000000 0.539372 0.408975 0.408975 0.408975
3328.094971 0.000000 2290.569824 0.000000 0.802067 0.000000 0.597233 0.390943 0.390943 0.390943
3334.382324 0.000000 2244.140625 0.000000 0.979306 0.000000 -0.202388 0.538540 0.538540 0.538540
3328.894043 0.000000 2295.999023 0.000000 0.264444 0.000000 0.964401 0.285274 0.285274 0.285274
3329.228271 0.000000 2293.172852 0.000000 0.702310 0.000000 -0.711871 0.633492 0.633492 0.633492
3405.569824 0.000000 2289.112549 0.000000 0.803445 0.000000 0.595379 0.390938 0.390938 0.390938
3406.954590 0.000000 2280.113037 0.000000 0.520054 0.000000 0.854133 0.327458 0.327458 0.327458
3400.491943 0.000000 2298.099854 0.000000 0.273824 0.000000 0.961780 0.242479 0.242479 0.242479
3402.469482 0.000000 2296.525146 0.000000 0.531039 0.000000 0.847347 0.327742 0.327742 0.327742
3400.164795 0.000000 2302.551514 0.000000 0.866879 0.000000 0.498519 0.400001 0.400001 0.400001
3403.157715 0.000000 2294.382812 0.000000 0.947299 0.000000 -0.320351 0.567979 0.567979 0.567979
3403.612061 0.000000 2290.019531 0.000000 0.998869 0.000000 -0.047558 0.508878 0.508878 0.508878
3400.519287 0.000000 2299.960205 0.000000 0.731389 0.000000 0.681960 0.350588 0.350588 0.350588
3404.734863 0.000000 2284.077148 0.000000 0.545084 0.000000 -0.838382 0.682452 0.682452 0.682452
3401.613770 0.000000 2302.886475 0.000000 0.115044 0.000000 0.993360 0.221112 0.221112 0.221112
3401.931396 0.000000 2297.878418 0.000000 0.996139 0.000000 -0.087793 0.518160 0.518160 0.518160
3403.625488 0.000000 2295.673828 0.000000 0.933752 0.000000 -0.357921 0.576305 0.576305 0.576305
3401.522705 0.000000 2299.153809 0.000000 0.512782 0.000000 0.858519 0.294455 0.294455 0.294455
3401.177979 0.000000 2296.923584 0.000000 0.303197 0.000000 0.952928 0.239129 0.239129 0.239129
3284.979248 0.000000 2315.063232 0.000000 0.841457 0.000000 -0.540324 0.595124 0.595124 0.595124
3278.149658 0.000000 2308.698975 0.000000 0.277019 0.000000 0.960864 0.276959 0.276959 0.276959
3400.806396 0.000000 2303.579102 0.000000 0.040171 0.000000 0.999193 0.206719 0.206719 0.206719
4116.466309 0.000000 1530.686890 0.000000 0.929111 0.000000 -0.369802 0.561469 0.561469 0.561469
4132.705078 0.000000 1517.558228 0.000000 0.872253 0.000000 0.489056 0.417395 0.417395 0.417395
4101.061523 0.000000 1530.196655 0.000000 0.447186 0.000000 -0.894441 0.677595 0.677595 0.677595
4111.940918 0.000000 1516.998657 0.000000 0.640048 0.000000 0.768335 0.354527 0.354527 0.354527
4126.814941 0.000000 1527.574463 0.000000 0.245162 0.000000 0.969482 0.280337 0.280337 0.280337
4141.143555 0.000000 1524.095947 0.000000 0.331376 0.000000 0.943499 0.301448 0.301448 0.301448
4104.061523 0.000000 1521.508789 0.000000 0.473062 0.000000 -0.881029 0.674266 0.674266 0.674266
4119.170898 0.000000 1522.056152 0.000000 0.957556 0.000000 0.288248 0.450361 0.450361 0.450361
4124.004395 0.000000 1534.613892 0.000000 0.992417 0.000000 -0.122918 0.520689 0.520689 0.520689
4126.199219 0.000000 1520.307739 0.000000 0.912054 0.000000 0.410070 0.431433 0.431433 0.431433
4134.452148 0.000000 1524.029175 0.000000 0.883853 0.000000 -0.467764 0.581420 0.581420 0.581420
4095.602295 0.000000 1532.712280 0.000000 0.993507 0.000000 0.113768 0.481142 0.481142 0.481142
4113.581543 0.000000 1524.084839 0.000000 0.953502 0.000000 0.301388 0.450702 0.450702 0.450702
4129.750977 0.000000 1532.793701 0.000000 0.886486 0.000000 -0.462756 0.579572 0.579572 0.579572
4121.204590 0.000000 1527.432495 0.000000 0.073490 0.000000 0.997296 0.256100 0.256100 0.256100
4133.483887 0.000000 1529.065430 0.000000 0.983268 0.000000 0.182167 0.469701 0.469701 0.469701
4100.411621 0.000000 1525.061401 0.000000 0.282395 0.000000 -0.959298 0.714056 0.714056 0.714056
4109.483887 0.000000 1521.300171 0.000000 0.996245 0.000000 -0.086583 0.515096 0.515096 0.515096
4129.933594 0.000000 1523.635498 0.000000 0.073728 0.000000 -0.997278 0.748533 0.748533 0.748533
4096.800293 0.000000 1528.186646 0.000000 0.321587 0.000000 0.946880 0.298228 0.298228 0.298228
4115.273926 0.000000 1519.978516 0.000000 0.310835 0.000000 -0.950464 0.705178 0.705178 0.705178
4107.558594 0.000000 1517.294678 0.000000 0.104027 0.000000 -0.994574 0.745313 0.745313 0.745313
4124.168457 0.000000 1524.050293 0.000000 0.625058 0.000000 0.780578 0.344606 0.344606 0.344606
4117.270996 0.000000 1525.986694 0.000000 0.970766 0.000000 0.240028 0.457791 0.457791 0.457791
4137.193359 0.000000 1527.200806 0.000000 0.849730 0.000000 -0.527218 0.591502 0.591502 0.591502
4124.210449 0.000000 1530.337524 0.000000 0.570721 0.000000 0.821144 0.342459 0.342459 0.342459
4130.407715 0.000000 1527.337524 0.000000 0.495388 0.000000 -0.868672 0.674082 0.674082 0.674082
4134.730469 0.000000 1520.338501 0.000000 0.445608 0.000000 0.895228 0.310356 0.310356 0.310356
4137.857422 0.000000 1523.165283 0.000000 0.596428 0.000000 -0.802666 0.657016 0.657016 0.657016
4127.703613 0.000000 1535.389893 0.000000 0.992972 0.000000 -0.118353 0.519843 0.519843 0.519843
4131.652344 0.000000 1520.614868 0.000000 0.991884 0.000000 0.127148 0.478436 0.478436 0.478436
4126.360352 0.000000 1532.610474 0.000000 0.788948 0.000000 -0.614459 0.611095 0.611095 0.611095
4112.511230 0.000000 1521.223267 0.000000 0.996661 0.000000 0.081646 0.485920 0.485920 0.485920
4116.289062 0.000000 1522.808716 0.000000 0.506351 0.000000 -0.862327 0.682371 0.682371 0.682371
4128.640137 0.000000 1530.046509 0.000000 0.106706 0.000000 0.994291 0.254224 0.254224 0.254224
4127.019043 0.000000 1524.605225 0.000000 0.930640 0.000000 -0.365936 0.562431 0.562431 0.562431
4106.645996 0.000000 1520.140747 0.000000 0.247650 0.000000 -0.968850 0.725006 0.725006 0.725006
4121.168457 0.000000 1524.331909 0.000000 0.835630 0.000000 0.549292 0.403456 0.403456 0.403456
4115.624512 0.000000 1528.106445 0.000000 0.302133 0.000000 0.953266 0.289383 0.289383 0.289383
4132.938477 0.000000 1526.419067 0.000000 0.642785 0.000000 0.766047 0.353485 0.353485 0.353485
4123.774902 0.000000 1526.660767 0.000000 0.987419 0.000000 -0.158125 0.527255 0.527255 0.527255
4099.345703 0.000000 1527.522705 0.000000 0.709392 0.000000 0.704814 0.368681 0.368681 0.368681
4109.788574 0.000000 1518.682251 0.000000 0.130381 0.000000 -0.991464 0.753457 0.753457 0.753457
4132.253906 0.000000 1523.032349 0.000000 0.998002 0.000000 0.063187 0.489305 0.489305 0.489305
4117.312012 0.000000 1520.955200 0.000000 0.842798 0.000000 -0.538230 0.597548 0.597548 0.597548
4125.552734 0.000000 1525.931641 0.000000 0.328613 0.000000 -0.944465 0.714452 0.714452 0.714452
4111.401855 0.000000 1519.716553 0.000000 0.761374 0.000000 -0.648313 0.623709 0.623709 0.623709
4175.933594 0.000000 1516.998657 0.000000 0.999853 0.000000 0.017142 0.497240 0.497240 0.497240
4168.053711 0.000000 1521.508789 0.000000 0.649547 0.000000 0.760321 0.353895 0.353895 0.353895
4172.920410 0.000000 1528.088623 0.000000 0.330030 0.000000 -0.943970 0.703405 0.703405 0.703405
4177.573730 0.000000 1524.084839 0.000000 0.970254 0.000000 0.242090 0.460473 0.460473 0.460473
4169.854492 0.000000 1533.338501 0.000000 0.773722 0.000000 -0.633525 0.610909 0.610909 0.610909
4175.865234 0.000000 1533.782104 0.000000 0.283988 0.000000 -0.958828 0.715381 0.715381 0.715381
4164.404297 0.000000 1525.061401 0.000000 0.903886 0.000000 0.427773 0.425787 0.425787 0.425787
4173.476074 0.000000 1521.300171 0.000000 0.074417 0.000000 0.997227 0.243177 0.243177 0.243177
4171.551270 0.000000 1517.294678 0.000000 0.414514 0.000000 0.910043 0.309461 0.309461 0.309461
4172.000977 0.000000 1524.530151 0.000000 0.730794 0.000000 -0.682598 0.625202 0.625202 0.625202
4173.113770 0.000000 1531.660645 0.000000 0.957389 0.000000 0.288802 0.450812 0.450812 0.450812
4174.951660 0.000000 1525.759277 0.000000 0.515738 0.000000 0.856746 0.329177 0.329177 0.329177
4170.638672 0.000000 1520.140747 0.000000 0.940289 0.000000 0.340376 0.439954 0.439954 0.439954
4167.033203 0.000000 1524.249023 0.000000 0.484544 0.000000 -0.874767 0.677469 0.677469 0.677469
4163.338379 0.000000 1527.522705 0.000000 0.596411 0.000000 0.802679 0.343562 0.343562 0.343562
4173.780762 0.000000 1518.682251 0.000000 0.958180 0.000000 -0.286167 0.550357 0.550357 0.550357
4175.708496 0.000000 1531.269287 0.000000 0.937563 0.000000 -0.347816 0.559642 0.559642 0.559642
4116.466309 0.000000 1594.671265 0.000000 0.762476 0.000000 -0.647017 0.616823 0.616823 0.616823
4143.778320 0.000000 1557.568359 0.000000 0.924724 0.000000 0.380639 0.435659 0.435659 0.435659
4132.705078 0.000000 1581.542603 0.000000 0.155629 0.000000 -0.987816 0.728661 0.728661 0.728661
4112.566406 0.000000 1553.042603 0.000000 0.176135 0.000000 0.984366 0.273830 0.273830 0.273830
4132.848145 0.000000 1568.755371 0.000000 0.936195 0.000000 -0.351481 0.560299 0.560299 0.560299
4122.469727 0.000000 1577.430542 0.000000 0.754821 0.000000 -0.655931 0.620113 0.620113 0.620113
4126.814941 0.000000 1591.558838 0.000000 0.589745 0.000000 -0.807590 0.650201 0.650201 0.650201
4115.139160 0.000000 1544.648560 0.000000 0.780352 0.000000 -0.625341 0.611736 0.611736 0.611736
4137.041992 0.000000 1552.037109 0.000000 0.218471 0.000000 -0.975844 0.728433 0.728433 0.728433
4141.637695 0.000000 1565.911377 0.000000 0.987910 0.000000 -0.155026 0.526133 0.526133 0.526133
4126.434082 0.000000 1563.884399 0.000000 0.077877 0.000000 0.996963 0.254022 0.254022 0.254022
4135.428223 0.000000 1561.208740 0.000000 0.875115 0.000000 0.483915 0.415824 0.415824 0.415824
4150.872070 0.000000 1556.151245 0.000000 0.299531 0.000000 0.954087 0.295253 0.295253 0.295253
4126.215820 0.000000 1571.433716 0.000000 0.198184 0.000000 -0.980165 0.731942 0.731942 0.731942
4126.199219 0.000000 1584.292114 0.000000 0.330880 0.000000 0.943673 0.295204 0.295204 0.295204
4135.347168 0.000000 1575.064087 0.000000 0.400611 0.000000 -0.916248 0.694523 0.694523 0.694523
4134.452148 0.000000 1588.013550 0.000000 0.953936 0.000000 -0.300011 0.551158 0.551158 0.551158
4118.227539 0.000000 1549.944702 0.000000 0.693450 0.000000 0.720505 0.369947 0.369947 0.369947
4140.715820 0.000000 1572.014526 0.000000 0.766479 0.000000 -0.642269 0.612309 0.612309 0.612309
4125.004883 0.000000 1537.348633 0.000000 0.140898 0.000000 -0.990024 0.739991 0.739991 0.739991
4156.930176 0.000000 1556.448608 0.000000 0.595683 0.000000 -0.803220 0.655426 0.655426 0.655426
4129.167480 0.000000 1576.493530 0.000000 0.707393 0.000000 -0.706820 0.635224 0.635224 0.635224
4129.750977 0.000000 1596.778076 0.000000 0.376451 0.000000 0.926437 0.302554 0.302554 0.302554
4117.564941 0.000000 1580.247803 0.000000 0.977517 0.000000 -0.210858 0.534343 0.534343 0.534343
4118.981445 0.000000 1540.927979 0.000000 0.250788 0.000000 -0.968042 0.712122 0.712122 0.712122
4147.951660 0.000000 1560.727539 0.000000 0.423617 0.000000 -0.905841 0.690283 0.690283 0.690283
4120.907227 0.000000 1572.355713 0.000000 0.388399 0.000000 0.921491 0.303977 0.303977 0.303977
4138.707520 0.000000 1557.404663 0.000000 0.376549 0.000000 -0.926397 0.699647 0.699647 0.699647
4133.483887 0.000000 1593.049805 0.000000 0.232891 0.000000 -0.972503 0.722595 0.722595 0.722595
4130.595215 0.000000 1561.234253 0.000000 0.999250 0.000000 0.038730 0.493496 0.493496 0.493496
4136.658691 0.000000 1565.779663 0.000000 0.900181 0.000000 -0.435517 0.574530 0.574530 0.574530
4133.986816 0.000000 1556.298584 0.000000 0.963597 0.000000 -0.267358 0.544089 0.544089 0.544089
4123.068848 0.000000 1567.875244 0.000000 0.999496 0.000000 -0.031761 0.505274 0.505274 0.505274
4119.789551 0.000000 1545.548584 0.000000 0.992919 0.000000 -0.118792 0.519843 0.519843 0.519843
4121.753418 0.000000 1582.010376 0.000000 0.983069 0.000000 -0.183237 0.530249 0.530249 0.530249
4135.734863 0.000000 1547.660034 0.000000 0.842456 0.000000 -0.538765 0.592685 0.592685 0.592685
4140.920898 0.000000 1561.495239 0.000000 0.594745 0.000000 -0.803914 0.655038 0.655038 0.655038
4126.226562 0.000000 1579.819092 0.000000 0.982171 0.000000 -0.187991 0.532577 0.532577 0.532577
4157.281250 0.000000 1552.091064 0.000000 0.926757 0.000000 0.375661 0.435343 0.435343 0.435343
4120.696289 0.000000 1595.709717 0.000000 0.999072 0.000000 -0.043072 0.507234 0.507234 0.507234
4128.586426 0.000000 1567.884399 0.000000 0.435096 0.000000 -0.900384 0.695144 0.695144 0.695144
4113.875000 0.000000 1548.933105 0.000000 0.994280 0.000000 0.106809 0.482033 0.482033 0.482033
4131.514160 0.000000 1572.765747 0.000000 0.002505 0.000000 -0.999997 0.766241 0.766241 0.766241
4136.914062 0.000000 1570.057983 0.000000 0.398410 0.000000 0.917208 0.305074 0.305074 0.305074
4132.787109 0.000000 1564.664917 0.000000 0.736962 0.000000 0.675934 0.374458 0.374458 0.374458
4118.509277 0.000000 1576.164307 0.000000 0.047493 0.000000 -0.998872 0.751946 0.751946 0.751946
4145.199707 0.000000 1564.008667 0.000000 0.412313 0.000000 0.911042 0.311918 0.311918 0.311918
4124.210449 0.000000 1594.321899 0.000000 0.444233 0.000000 0.895912 0.318410 0.318410 0.318410
4125.595703 0.000000 1575.197510 0.000000 0.541504 0.000000 0.840698 0.332347 0.332347 0.332347
4132.782227 0.000000 1577.904297 0.000000 0.817365 0.000000 0.576120 0.396152 0.396152 0.396152
4129.245117 0.000000 1582.578003 0.000000 0.913576 0.000000 -0.406668 0.569791 0.569791 0.569791
4130.407715 0.000000 1591.321899 0.000000 0.109644 0.000000 -0.993971 0.745280 0.745280 0.745280
4139.864746 0.000000 1568.697388 0.000000 0.066044 0.000000 0.997817 0.247371 0.247371 0.247371
4147.713379 0.000000 1557.354248 0.000000 0.152410 0.000000 0.988317 0.266388 0.266388 0.266388
4129.508789 0.000000 1564.792114 0.000000 0.957680 0.000000 -0.287837 0.549566 0.549566 0.549566
4144.040527 0.000000 1560.781494 0.000000 0.143692 0.000000 0.989623 0.260483 0.260483 0.260483
4139.209473 0.000000 1554.301880 0.000000 0.998680 0.000000 -0.051367 0.508628 0.508628 0.508628
4126.360352 0.000000 1596.594849 0.000000 0.670846 0.000000 -0.741597 0.638180 0.638180 0.638180
4130.251953 0.000000 1579.653809 0.000000 0.756520 0.000000 0.653971 0.378098 0.378098 0.378098
4138.077637 0.000000 1563.061279 0.000000 0.811334 0.000000 -0.584583 0.603657 0.603657 0.603657
4128.445312 0.000000 1573.542725 0.000000 0.753932 0.000000 0.656953 0.381001 0.381001 0.381001
4128.640137 0.000000 1594.030884 0.000000 0.509834 0.000000 0.860273 0.326096 0.326096 0.326096
4133.120605 0.000000 1559.223267 0.000000 0.994348 0.000000 -0.106166 0.517858 0.517858 0.517858
4116.877930 0.000000 1547.250610 0.000000 0.004833 0.000000 0.999988 0.236109 0.236109 0.236109
4137.917480 0.000000 1572.958862 0.000000 0.021992 0.000000 0.999758 0.239967 0.239967 0.239967
4134.930664 0.000000 1572.181885 0.000000 0.530425 0.000000 0.847732 0.328881 0.328881 0.328881
4123.793945 0.000000 1572.956299 0.000000 0.334903 0.000000 0.942252 0.294378 0.294378 0.294378
4125.893066 0.000000 1566.945435 0.000000 0.362418 0.000000 0.932016 0.292548 0.292548 0.292548
4129.547852 0.000000 1570.643677 0.000000 0.611323 0.000000 0.791381 0.346703 0.346703 0.346703
4119.885254 0.000000 1578.634277 0.000000 0.505511 0.000000 -0.862820 0.672798 0.672798 0.672798
4135.976074 0.000000 1558.306519 0.000000 0.414345 0.000000 0.910120 0.308716 0.308716 0.308716
4141.346191 0.000000 1556.183594 0.000000 0.771759 0.000000 -0.635915 0.614850 0.614850 0.614850
4138.407227 0.000000 1560.241943 0.000000 0.152460 0.000000 -0.988310 0.738028 0.738028 0.738028
4117.828613 0.000000 1543.548706 0.000000 0.117227 0.000000 -0.993105 0.743091 0.743091 0.743091
4136.677734 0.000000 1555.567017 0.000000 0.457175 0.000000 -0.889377 0.682639 0.682639 0.682639
4121.025879 0.000000 1575.106201 0.000000 0.922216 0.000000 0.386675 0.433343 0.433343 0.433343
4139.739746 0.000000 1551.160156 0.000000 0.813936 0.000000 -0.580954 0.604464 0.604464 0.604464
4132.938477 0.000000 1590.403442 0.000000 0.439203 0.000000 -0.898388 0.687383 0.687383 0.687383
4131.961914 0.000000 1575.371338 0.000000 0.999708 0.000000 0.024181 0.495834 0.495834 0.495834
4124.676758 0.000000 1581.928589 0.000000 0.918732 0.000000 0.394882 0.430325 0.430325 0.430325
4114.698242 0.000000 1551.378174 0.000000 0.667254 0.000000 -0.744830 0.640553 0.640553 0.640553
4123.810059 0.000000 1570.340942 0.000000 0.903448 0.000000 -0.428698 0.574385 0.574385 0.574385
4142.597168 0.000000 1563.447510 0.000000 0.635921 0.000000 -0.771754 0.648013 0.648013 0.648013
4131.478027 0.000000 1594.822021 0.000000 0.843026 0.000000 0.537873 0.405006 0.405006 0.405006
4137.763184 0.000000 1549.344604 0.000000 0.052840 0.000000 -0.998603 0.754850 0.754850 0.754850
4154.363770 0.000000 1555.969238 0.000000 0.337551 0.000000 -0.941307 0.705918 0.705918 0.705918
4131.040527 0.000000 1566.868530 0.000000 0.702357 0.000000 0.711825 0.363058 0.363058 0.363058
4145.962402 0.000000 1559.174805 0.000000 0.623263 0.000000 0.782013 0.349251 0.349251 0.349251
4123.677246 0.000000 1579.626099 0.000000 0.617410 0.000000 0.786642 0.347998 0.347998 0.347998
4132.891113 0.000000 1562.163818 0.000000 0.836695 0.000000 -0.547669 0.597306 0.597306 0.597306
4126.498535 0.000000 1569.174683 0.000000 0.926555 0.000000 -0.376160 0.566673 0.566673 0.566673
4126.985352 0.000000 1582.118530 0.000000 0.998070 0.000000 -0.062102 0.510550 0.510550 0.510550
4133.572266 0.000000 1573.787842 0.000000 0.310961 0.000000 0.950423 0.283882 0.283882 0.283882
4127.729980 0.000000 1565.975220 0.000000 0.324708 0.000000 -0.945814 0.713621 0.713621 0.713621
4130.905273 0.000000 1577.311523 0.000000 0.911836 0.000000 0.410555 0.426066 0.426066 0.426066
4129.169434 0.000000 1578.253052 0.000000 0.793406 0.000000 0.608692 0.385228 0.385228 0.385228
4160.994629 0.000000 1551.481445 0.000000 0.303119 0.000000 -0.952953 0.712020 0.712020 0.712020
4170.874023 0.000000 1536.411865 0.000000 0.273594 0.000000 -0.961845 0.713161 0.713161 0.713161
4169.167969 0.000000 1545.870483 0.000000 0.980604 0.000000 -0.196001 0.532013 0.532013 0.532013
4166.280762 0.000000 1540.312500 0.000000 0.832426 0.000000 -0.554136 0.598608 0.598608 0.598608
4177.022461 0.000000 1535.630737 0.000000 0.133882 0.000000 -0.990997 0.739387 0.739387 0.739387
4165.480469 0.000000 1546.797241 0.000000 0.268600 0.000000 -0.963252 0.718069 0.718069 0.718069
4167.576660 0.000000 1536.962891 0.000000 0.363333 0.000000 -0.931659 0.700547 0.700547 0.700547
4165.380371 0.000000 1543.520386 0.000000 0.195254 0.000000 -0.980753 0.729874 0.729874 0.729874
4162.837891 0.000000 1548.687744 0.000000 0.848189 0.000000 0.529694 0.406275 0.406275 0.406275
4159.563965 0.000000 1554.202393 0.000000 0.972054 0.000000 -0.234758 0.539786 0.539786 0.539786
4169.154297 0.000000 1539.605591 0.000000 0.970030 0.000000 -0.242987 0.541055 0.541055 0.541055
4163.726074 0.000000 1551.518921 0.000000 0.894455 0.000000 0.447157 0.422167 0.422167 0.422167
4117.074707 0.000000 1599.963379 0.000000 0.997042 0.000000 -0.076862 0.512389 0.512389 0.512389
"}
