object={
	name="tree_leaf_high_generator_3_0"
	clamp_to_water_level=no
	render_under_water=no
	generated_content=yes
	layer="tree_high_layer"
	pdxmesh="tree_leaf_01_c_mesh"
	count=21
	transform="3472.019287 0.000000 2220.826904 0.000000 0.558011 0.000000 -0.829834 0.829910 0.829910 0.829910
3480.593506 0.000000 2389.754150 0.000000 0.992554 0.000000 0.121801 0.795757 0.795757 0.795757
3491.101074 0.000000 2378.566650 0.000000 0.971244 0.000000 0.238085 0.787037 0.787037 0.787037
3491.867188 0.000000 2383.971924 0.000000 0.913029 0.000000 -0.407894 0.835244 0.835244 0.835244
3488.273438 0.000000 2373.467041 0.000000 0.498827 0.000000 0.866702 0.769843 0.769843 0.769843
3479.867676 0.000000 2377.345459 0.000000 0.783581 0.000000 0.621289 0.728502 0.728502 0.728502
3495.813232 0.000000 2379.456787 0.000000 0.152844 0.000000 -0.988250 0.893416 0.893416 0.893416
3480.863525 0.000000 2385.374268 0.000000 0.738730 0.000000 0.674002 0.772524 0.772524 0.772524
3488.240723 0.000000 2382.825439 0.000000 0.730291 0.000000 0.683136 0.728354 0.728354 0.728354
3482.906982 0.000000 2379.314453 0.000000 0.838312 0.000000 0.545190 0.742994 0.742994 0.742994
3494.452393 0.000000 2376.282227 0.000000 0.992024 0.000000 -0.126047 0.814615 0.814615 0.814615
3482.604492 0.000000 2371.968994 0.000000 0.849360 0.000000 -0.527815 0.826319 0.826319 0.826319
3496.246826 0.000000 2372.711182 0.000000 0.416135 0.000000 -0.909303 0.872506 0.872506 0.872506
3493.752197 0.000000 2369.935791 0.000000 0.999670 0.000000 -0.025697 0.801278 0.801278 0.801278
3493.167725 0.000000 2381.154297 0.000000 0.278609 0.000000 -0.960405 0.925065 0.925065 0.925065
3490.776367 0.000000 2375.308105 0.000000 0.668314 0.000000 -0.743880 0.848251 0.848251 0.848251
3488.153809 0.000000 2369.227295 0.000000 0.978517 0.000000 0.206168 0.777231 0.777231 0.777231
3481.382080 0.000000 2381.955566 0.000000 0.946955 0.000000 0.321367 0.779809 0.779809 0.779809
3487.079834 0.000000 2376.013916 0.000000 0.998983 0.000000 -0.045089 0.804081 0.804081 0.804081
3481.173828 0.000000 2374.735840 0.000000 0.989289 0.000000 0.145968 0.787361 0.787361 0.787361
3484.546143 0.000000 2377.525391 0.000000 0.880028 0.000000 -0.474922 0.837954 0.837954 0.837954
"}
