object={
	name="tree_jungle_01_d_generator_1_0"
	clamp_to_water_level=no
	render_under_water=no
	generated_content=yes
	layer="tree_high_layer"
	pdxmesh="tree_jungle_01_d_mesh"
	count=487
	transform="3614.877441 0.000000 2359.371338 0.000000 0.586164 0.000000 0.810192 0.599681 0.599681 0.599681
3644.020264 0.000000 2347.247070 0.000000 0.944044 0.000000 -0.329819 0.790907 0.790907 0.790907
3612.066895 0.000000 2366.410889 0.000000 0.902518 0.000000 -0.430652 0.802518 0.802518 0.802518
3634.738281 0.000000 2358.002930 0.000000 0.537521 0.000000 0.843250 0.723700 0.723700 0.723700
3645.729980 0.000000 2354.523682 0.000000 0.883612 0.000000 0.468221 0.730840 0.730840 0.730840
3640.256836 0.000000 2343.033691 0.000000 0.915182 0.000000 0.403041 0.717377 0.717377 0.717377
3642.747070 0.000000 2358.998779 0.000000 0.358840 0.000000 -0.933399 1.038506 1.038506 1.038506
3612.272949 0.000000 2362.134277 0.000000 0.507474 0.000000 0.861667 0.339693 0.339693 0.339693
3637.932617 0.000000 2358.212646 0.000000 0.944655 0.000000 -0.328066 0.825104 0.825104 0.825104
3635.929932 0.000000 2361.253174 0.000000 0.818811 0.000000 0.574063 0.661842 0.661842 0.661842
3647.182373 0.000000 2347.147217 0.000000 0.992095 0.000000 0.125486 0.743404 0.743404 0.743404
3644.441162 0.000000 2356.899658 0.000000 0.913981 0.000000 0.405758 0.633436 0.633436 0.633436
3640.423340 0.000000 2358.297852 0.000000 0.386702 0.000000 -0.922205 1.145591 1.145591 1.145591
3640.705566 0.000000 2340.698975 0.000000 0.992926 0.000000 -0.118737 0.792787 0.792787 0.792787
3646.669678 0.000000 2357.268311 0.000000 0.785291 0.000000 -0.619126 1.048769 1.048769 1.048769
3644.361084 0.000000 2345.114014 0.000000 0.575888 0.000000 0.817528 0.525988 0.525988 0.525988
3642.320557 0.000000 2356.358154 0.000000 0.812490 0.000000 0.582975 0.610157 0.610157 0.610157
3614.345459 0.000000 2361.490967 0.000000 0.500197 0.000000 -0.865912 0.863701 0.863701 0.863701
3644.957520 0.000000 2358.966309 0.000000 0.597695 0.000000 -0.801724 0.871917 0.871917 0.871917
3613.036377 0.000000 2360.031250 0.000000 0.061079 0.000000 0.998133 0.210093 0.210093 0.210093
3637.564209 0.000000 2360.115967 0.000000 0.970203 0.000000 0.242292 0.670268 0.670268 0.670268
3638.967041 0.000000 2341.737061 0.000000 0.428236 0.000000 -0.903667 0.923230 0.923230 0.923230
3646.170898 0.000000 2345.638916 0.000000 0.782399 0.000000 0.622777 0.644261 0.644261 0.644261
3612.616699 0.000000 2364.054443 0.000000 0.744454 0.000000 -0.667674 1.044310 1.044310 1.044310
3639.159180 0.000000 2359.468262 0.000000 0.857643 0.000000 -0.514245 0.951257 0.951257 0.951257
3613.693359 0.000000 2365.906006 0.000000 0.710862 0.000000 0.703332 0.435967 0.435967 0.435967
3613.763184 0.000000 2362.897949 0.000000 0.060271 0.000000 -0.998182 1.346762 1.346762 1.346762
3646.933838 0.000000 2355.643555 0.000000 0.999996 0.000000 -0.002846 0.751119 0.751119 0.751119
3639.046143 0.000000 2340.140381 0.000000 0.867713 0.000000 0.497065 0.670128 0.670128 0.670128
3643.188721 0.000000 2357.474365 0.000000 0.848197 0.000000 0.529681 0.624573 0.624573 0.624573
3636.580078 0.000000 2358.362549 0.000000 0.193664 0.000000 0.981068 0.440850 0.440850 0.440850
3637.242920 0.000000 2361.428467 0.000000 0.999693 0.000000 -0.024767 0.758070 0.758070 0.758070
3613.185059 0.000000 2361.239502 0.000000 0.998789 0.000000 0.049199 0.732398 0.732398 0.732398
3641.557861 0.000000 2359.021729 0.000000 0.598148 0.000000 -0.801386 1.063310 1.063310 1.063310
3645.506348 0.000000 2357.456787 0.000000 0.545475 0.000000 0.838127 0.472729 0.472729 0.472729
3640.252930 0.000000 2341.820312 0.000000 0.028315 0.000000 -0.999599 1.304525 1.304525 1.304525
3643.943359 0.000000 2358.402588 0.000000 0.947017 0.000000 0.321184 0.671633 0.671633 0.671633
3645.442139 0.000000 2344.674072 0.000000 0.985256 0.000000 -0.171087 0.790241 0.790241 0.790241
3612.180176 0.000000 2360.755615 0.000000 0.819828 0.000000 -0.572610 0.968042 0.968042 0.968042
3613.415771 0.000000 2364.849854 0.000000 0.907147 0.000000 -0.420814 0.924852 0.924852 0.924852
3639.353027 0.000000 2358.170898 0.000000 0.702752 0.000000 -0.711435 1.044935 1.044935 1.044935
3636.538574 0.000000 2360.278076 0.000000 0.258059 0.000000 0.966129 0.323273 0.323273 0.323273
3640.305664 0.000000 2359.353760 0.000000 0.484895 0.000000 -0.874572 1.108790 1.108790 1.108790
3612.733398 0.000000 2365.686279 0.000000 0.507493 0.000000 -0.861656 1.168077 1.168077 1.168077
3613.599854 0.000000 2363.867432 0.000000 0.695864 0.000000 0.718174 0.433473 0.433473 0.433473
3638.217285 0.000000 2359.427002 0.000000 0.881006 0.000000 0.473105 0.566374 0.566374 0.566374
3647.072510 0.000000 2354.683105 0.000000 0.786334 0.000000 -0.617802 1.011854 1.011854 1.011854
3613.188721 0.000000 2362.164551 0.000000 0.981789 0.000000 -0.189976 0.825514 0.825514 0.825514
3646.394531 0.000000 2356.377686 0.000000 0.122727 0.000000 -0.992441 1.397882 1.397882 1.397882
3647.491699 0.000000 2357.598145 0.000000 0.083027 0.000000 -0.996547 1.415743 1.415743 1.415743
3649.530762 0.000000 2346.448975 0.000000 0.911904 0.000000 -0.410404 0.770588 0.770588 0.770588
3678.869629 0.000000 2359.371338 0.000000 0.758186 0.000000 0.652039 0.727391 0.727391 0.727391
3658.927490 0.000000 2341.245605 0.000000 0.970473 0.000000 -0.241211 0.777369 0.777369 0.777369
3676.059082 0.000000 2366.410889 0.000000 0.795026 0.000000 -0.606576 0.968440 0.968440 0.968440
3673.259277 0.000000 2359.229248 0.000000 0.982655 0.000000 -0.185441 0.772701 0.772701 0.772701
3661.538574 0.000000 2353.096924 0.000000 0.558083 0.000000 -0.829785 0.856289 0.856289 0.856289
3659.613281 0.000000 2349.091553 0.000000 0.998701 0.000000 -0.050950 0.764507 0.764507 0.764507
3669.325439 0.000000 2357.783691 0.000000 0.457963 0.000000 0.888971 0.604417 0.604417 0.604417
3676.265137 0.000000 2362.134277 0.000000 0.660581 0.000000 0.750755 0.672087 0.672087 0.672087
3666.307129 0.000000 2345.796143 0.000000 0.987987 0.000000 -0.154539 0.798808 0.798808 0.798808
3655.992432 0.000000 2343.363037 0.000000 0.999524 0.000000 0.030853 0.740986 0.740986 0.740986
3655.137695 0.000000 2350.085938 0.000000 0.715947 0.000000 0.698155 0.569121 0.569121 0.569121
3680.694580 0.000000 2361.843506 0.000000 0.959041 0.000000 -0.283267 0.772048 0.772048 0.772048
3658.700684 0.000000 2351.937500 0.000000 0.848772 0.000000 0.528759 0.659242 0.659242 0.659242
3670.676758 0.000000 2360.512695 0.000000 0.984882 0.000000 -0.173229 0.785208 0.785208 0.785208
3661.843262 0.000000 2350.479248 0.000000 0.270431 0.000000 -0.962739 0.832567 0.832567 0.832567
3647.763672 0.000000 2344.711182 0.000000 0.999907 0.000000 0.013628 0.747856 0.747856 0.747856
3668.738770 0.000000 2345.793701 0.000000 0.754489 0.000000 -0.656312 0.802279 0.802279 0.802279
3650.046875 0.000000 2348.904541 0.000000 0.243396 0.000000 -0.969927 1.139488 1.139488 1.139488
3657.146973 0.000000 2348.836670 0.000000 0.055719 0.000000 0.998447 0.503199 0.503199 0.503199
3674.900146 0.000000 2364.334717 0.000000 0.554222 0.000000 0.832369 0.582444 0.582444 0.582444
3681.044922 0.000000 2357.406250 0.000000 0.973985 0.000000 -0.226614 0.786811 0.786811 0.786811
3678.337646 0.000000 2361.490967 0.000000 0.940109 0.000000 0.340874 0.682264 0.682264 0.682264
3653.855713 0.000000 2351.816895 0.000000 0.220441 0.000000 0.975400 0.601025 0.601025 0.601025
3658.160400 0.000000 2343.211914 0.000000 0.646408 0.000000 -0.762991 0.842632 0.842632 0.842632
3667.589844 0.000000 2356.586182 0.000000 0.918147 0.000000 0.396241 0.619552 0.619552 0.619552
3656.798828 0.000000 2351.240234 0.000000 0.863398 0.000000 0.504523 0.654942 0.654942 0.654942
3654.275879 0.000000 2348.257324 0.000000 0.432188 0.000000 -0.901783 0.928871 0.928871 0.928871
3677.028564 0.000000 2360.031250 0.000000 0.920231 0.000000 0.391376 0.716870 0.716870 0.716870
3663.456543 0.000000 2351.513428 0.000000 0.073489 0.000000 0.997296 0.379944 0.379944 0.379944
3656.998779 0.000000 2341.725098 0.000000 0.856351 0.000000 0.516394 0.666685 0.666685 0.666685
3680.714844 0.000000 2359.880371 0.000000 0.975883 0.000000 -0.218296 0.808512 0.808512 0.808512
3667.622314 0.000000 2347.250000 0.000000 0.227543 0.000000 -0.973768 0.993602 0.993602 0.993602
3672.127686 0.000000 2361.740967 0.000000 0.135122 0.000000 0.990829 0.346890 0.346890 0.346890
3651.367188 0.000000 2346.213623 0.000000 0.491889 0.000000 -0.870658 1.001241 1.001241 1.001241
3653.302490 0.000000 2349.767822 0.000000 0.496663 0.000000 -0.867943 1.108174 1.108174 1.108174
3676.608887 0.000000 2364.054443 0.000000 0.590446 0.000000 -0.807077 0.946957 0.946957 0.946957
3658.308105 0.000000 2350.299316 0.000000 0.768666 0.000000 -0.639650 0.863059 0.863059 0.863059
3647.593262 0.000000 2356.713867 0.000000 0.385305 0.000000 -0.922789 1.275935 1.275935 1.275935
3677.685547 0.000000 2365.906006 0.000000 0.380270 0.000000 -0.924875 0.997606 0.997606 0.997606
3670.068848 0.000000 2361.985107 0.000000 0.707060 0.000000 -0.707153 0.908837 0.908837 0.908837
3670.496582 0.000000 2358.940674 0.000000 0.075837 0.000000 -0.997120 0.993517 0.993517 0.993517
3663.053223 0.000000 2353.284180 0.000000 0.243941 0.000000 0.969790 0.459868 0.459868 0.459868
3655.434326 0.000000 2351.922363 0.000000 0.226030 0.000000 0.974120 0.435717 0.435717 0.435717
3674.649170 0.000000 2365.824219 0.000000 0.987184 0.000000 0.159585 0.722692 0.722692 0.722692
3657.546143 0.000000 2340.324707 0.000000 0.772005 0.000000 -0.635616 0.855758 0.855758 0.855758
3650.646973 0.000000 2347.549561 0.000000 0.932089 0.000000 0.362230 0.661859 0.661859 0.661859
3671.866699 0.000000 2359.705322 0.000000 0.483442 0.000000 -0.875376 0.923686 0.923686 0.923686
3655.725586 0.000000 2348.448486 0.000000 0.426663 0.000000 -0.904411 0.929844 0.929844 0.929844
3679.645752 0.000000 2360.840088 0.000000 0.497422 0.000000 0.867508 0.545499 0.545499 0.545499
3680.561523 0.000000 2356.050781 0.000000 0.975755 0.000000 -0.218864 0.785531 0.785531 0.785531
3663.420410 0.000000 2350.086670 0.000000 0.200206 0.000000 -0.979754 1.088416 1.088416 1.088416
3651.382568 0.000000 2349.383545 0.000000 0.999912 0.000000 -0.013241 0.753893 0.753893 0.753893
3667.571777 0.000000 2344.997314 0.000000 0.999838 0.000000 0.018009 0.744335 0.744335 0.744335
3666.267090 0.000000 2357.191162 0.000000 0.277919 0.000000 -0.960604 1.162769 1.162769 1.162769
3672.931152 0.000000 2360.593506 0.000000 0.989783 0.000000 -0.142582 0.790183 0.790183 0.790183
3679.231445 0.000000 2362.493652 0.000000 0.836758 0.000000 -0.547573 0.883454 0.883454 0.883454
3662.175293 0.000000 2351.927246 0.000000 0.126028 0.000000 -0.992027 1.107003 1.107003 1.107003
3655.767578 0.000000 2342.115479 0.000000 0.022212 0.000000 0.999753 0.297665 0.297665 0.297665
3680.663086 0.000000 2358.640137 0.000000 0.581764 0.000000 -0.813358 1.002562 1.002562 1.002562
3668.908203 0.000000 2347.040039 0.000000 0.292192 0.000000 -0.956360 1.270142 1.270142 1.270142
3658.414062 0.000000 2348.392822 0.000000 0.998608 0.000000 0.052743 0.734982 0.734982 0.734982
3657.101318 0.000000 2343.939941 0.000000 0.902472 0.000000 -0.430749 0.880077 0.880077 0.880077
3654.968750 0.000000 2343.937256 0.000000 0.348888 0.000000 -0.937164 1.104725 1.104725 1.104725
3677.247803 0.000000 2366.964844 0.000000 0.190276 0.000000 0.981731 0.287694 0.287694 0.287694
3654.102051 0.000000 2350.594971 0.000000 0.982709 0.000000 0.185155 0.706413 0.706413 0.706413
3653.217285 0.000000 2348.635742 0.000000 0.525254 0.000000 0.850946 0.403161 0.403161 0.403161
3657.056396 0.000000 2342.841064 0.000000 0.973109 0.000000 0.230345 0.682107 0.682107 0.682107
3654.888916 0.000000 2342.785645 0.000000 0.861569 0.000000 -0.507641 0.905525 0.905525 0.905525
3666.960693 0.000000 2344.083984 0.000000 0.121708 0.000000 -0.992566 1.205737 1.205737 1.205737
3652.378906 0.000000 2349.248779 0.000000 0.432081 0.000000 -0.901835 1.133035 1.133035 1.133035
3668.664062 0.000000 2347.871094 0.000000 0.881286 0.000000 0.472583 0.549083 0.549083 0.549083
3623.884277 0.000000 2429.362549 0.000000 0.876091 0.000000 -0.482145 0.923330 0.923330 0.923330
3626.547852 0.000000 2375.368408 0.000000 0.241321 0.000000 0.970445 0.262975 0.262975 0.262975
3620.910645 0.000000 2400.552246 0.000000 0.637161 0.000000 0.770731 0.708808 0.708808 0.708808
3629.451904 0.000000 2410.722412 0.000000 0.533139 0.000000 0.846028 0.461089 0.461089 0.461089
3625.104248 0.000000 2383.833984 0.000000 0.892376 0.000000 0.451293 0.711426 0.711426 0.711426
3612.335205 0.000000 2382.732666 0.000000 0.920619 0.000000 0.390462 0.696673 0.696673 0.696673
3623.409912 0.000000 2406.861084 0.000000 0.999828 0.000000 0.018540 0.745001 0.745001 0.745001
3622.514648 0.000000 2419.810303 0.000000 0.332917 0.000000 0.942956 0.464095 0.464095 0.464095
3644.992432 0.000000 2388.245605 0.000000 0.609228 0.000000 0.792995 0.660842 0.660842 0.660842
3634.738281 0.000000 2421.987305 0.000000 0.765218 0.000000 0.643771 0.743452 0.743452 0.743452
3641.866211 0.000000 2399.410889 0.000000 0.967619 0.000000 0.252416 0.716554 0.716554 0.716554
3635.433350 0.000000 2409.128418 0.000000 0.961945 0.000000 0.273242 0.678487 0.678487 0.678487
3616.648926 0.000000 2399.681152 0.000000 0.318192 0.000000 0.948026 0.411447 0.411447 0.411447
3624.976562 0.000000 2401.854980 0.000000 0.968771 0.000000 -0.247955 0.771582 0.771582 0.771582
3631.736816 0.000000 2406.870605 0.000000 0.764611 0.000000 0.644492 0.723773 0.723773 0.723773
3636.071777 0.000000 2417.967529 0.000000 0.383189 0.000000 -0.923670 0.895521 0.895521 0.895521
3639.850830 0.000000 2411.179932 0.000000 1.000000 0.000000 -0.000840 0.750069 0.750069 0.750069
3629.086426 0.000000 2372.347900 0.000000 0.999389 0.000000 -0.034941 0.758507 0.758507 0.758507
3632.991455 0.000000 2411.927490 0.000000 0.955486 0.000000 -0.295036 0.761776 0.761776 0.761776
3639.180664 0.000000 2394.580566 0.000000 0.995896 0.000000 -0.090504 0.758315 0.758315 0.758315
3631.194336 0.000000 2422.958252 0.000000 0.435002 0.000000 -0.900429 1.096255 1.096255 1.096255
3622.792725 0.000000 2416.119873 0.000000 0.872777 0.000000 -0.488119 0.791057 0.791057 0.791057
3625.919922 0.000000 2418.946533 0.000000 0.004539 0.000000 0.999990 0.439136 0.439136 0.439136
3636.479004 0.000000 2401.234863 0.000000 0.932376 0.000000 -0.361489 0.792245 0.792245 0.792245
3627.927246 0.000000 2400.494141 0.000000 0.964815 0.000000 -0.262929 0.828212 0.828212 0.828212
3628.949707 0.000000 2413.815918 0.000000 0.411313 0.000000 -0.911494 1.009844 1.009844 1.009844
3620.896484 0.000000 2428.851562 0.000000 0.399952 0.000000 -0.916536 0.810781 0.810781 0.810781
3644.454346 0.000000 2415.745605 0.000000 0.588301 0.000000 -0.808642 0.795851 0.795851 0.795851
3641.285889 0.000000 2396.595215 0.000000 0.624843 0.000000 0.780750 0.553741 0.553741 0.553741
3611.293213 0.000000 2388.841064 0.000000 0.356894 0.000000 0.934145 0.341328 0.341328 0.341328
3627.802002 0.000000 2382.957031 0.000000 0.997416 0.000000 0.071846 0.742325 0.742325 0.742325
3647.542236 0.000000 2389.291260 0.000000 0.919642 0.000000 0.392758 0.672157 0.672157 0.672157
3610.513428 0.000000 2391.668701 0.000000 0.107858 0.000000 -0.994166 1.242989 1.242989 1.242989
3620.024414 0.000000 2407.168213 0.000000 0.882762 0.000000 -0.469821 0.944144 0.944144 0.944144
3626.156982 0.000000 2378.080811 0.000000 0.976257 0.000000 0.216617 0.738961 0.738961 0.738961
3638.153320 0.000000 2409.181885 0.000000 0.339128 0.000000 -0.940740 0.931174 0.931174 0.931174
3626.873779 0.000000 2427.909424 0.000000 0.555448 0.000000 0.831551 0.641528 0.641528 0.641528
3632.182373 0.000000 2409.438477 0.000000 0.839394 0.000000 -0.543524 0.973796 0.973796 0.973796
3646.054199 0.000000 2394.478271 0.000000 0.620562 0.000000 -0.784157 0.917080 0.917080 0.917080
3625.825439 0.000000 2381.141602 0.000000 0.929027 0.000000 -0.370013 0.869937 0.869937 0.869937
3626.940674 0.000000 2412.375488 0.000000 0.359145 0.000000 0.933282 0.450305 0.450305 0.450305
3622.359619 0.000000 2398.496826 0.000000 0.806231 0.000000 -0.591601 0.975210 0.975210 0.975210
3636.806396 0.000000 2411.275146 0.000000 0.729572 0.000000 0.683904 0.656932 0.656932 0.656932
3627.159668 0.000000 2398.069824 0.000000 0.018650 0.000000 -0.999826 1.031907 1.031907 1.031907
3643.360596 0.000000 2430.587402 0.000000 0.950602 0.000000 0.310412 0.682628 0.682628 0.682628
3640.775146 0.000000 2392.686768 0.000000 0.087029 0.000000 -0.996206 1.261155 1.261155 1.261155
3647.194580 0.000000 2425.940430 0.000000 0.840345 0.000000 -0.542052 0.894809 0.894809 0.894809
3646.443848 0.000000 2386.014404 0.000000 0.787133 0.000000 -0.616784 0.941653 0.941653 0.941653
3637.746094 0.000000 2419.768555 0.000000 0.961065 0.000000 -0.276323 0.776735 0.776735 0.776735
3627.209229 0.000000 2410.020020 0.000000 0.997346 0.000000 -0.072808 0.754912 0.754912 0.754912
3647.462646 0.000000 2403.780029 0.000000 0.638757 0.000000 0.769408 0.689179 0.689179 0.689179
3644.089844 0.000000 2386.063477 0.000000 0.562943 0.000000 0.826496 0.593344 0.593344 0.593344
3625.487061 0.000000 2431.353027 0.000000 0.476313 0.000000 -0.879276 0.872708 0.872708 0.872708
3611.738770 0.000000 2385.000488 0.000000 0.772173 0.000000 0.635412 0.533409 0.533409 0.533409
3622.525391 0.000000 2427.140381 0.000000 0.458715 0.000000 -0.888584 1.071674 1.071674 1.071674
3631.265137 0.000000 2371.326904 0.000000 0.019382 0.000000 -0.999812 1.304833 1.304833 1.304833
3626.754395 0.000000 2372.331787 0.000000 0.037444 0.000000 0.999299 0.325085 0.325085 0.325085
3626.732910 0.000000 2421.037842 0.000000 0.599919 0.000000 0.800061 0.508631 0.508631 0.508631
3625.762695 0.000000 2399.809326 0.000000 0.798900 0.000000 -0.601464 0.959041 0.959041 0.959041
3623.095215 0.000000 2400.723389 0.000000 0.883953 0.000000 -0.467576 0.808305 0.808305 0.808305
3626.515869 0.000000 2424.790771 0.000000 0.077652 0.000000 0.996980 0.079048 0.079048 0.079048
3624.742920 0.000000 2417.006348 0.000000 0.999437 0.000000 -0.033538 0.752638 0.752638 0.752638
3621.634766 0.000000 2405.584717 0.000000 0.577615 0.000000 0.816309 0.676686 0.676686 0.676686
3643.885010 0.000000 2398.736084 0.000000 0.024583 0.000000 0.999698 0.602348 0.602348 0.602348
3646.233887 0.000000 2427.901123 0.000000 0.782709 0.000000 -0.622388 0.883334 0.883334 0.883334
3624.136719 0.000000 2377.393799 0.000000 0.038882 0.000000 -0.999244 1.082729 1.082729 1.082729
3630.870850 0.000000 2405.033936 0.000000 0.846444 0.000000 0.532478 0.493457 0.493457 0.493457
3640.749023 0.000000 2401.166992 0.000000 0.213591 0.000000 0.976923 0.265215 0.265215 0.265215
3643.205566 0.000000 2400.887207 0.000000 0.154914 0.000000 0.987928 0.567154 0.567154 0.567154
3634.811279 0.000000 2411.034424 0.000000 0.473105 0.000000 -0.881006 0.919548 0.919548 0.919548
3629.427246 0.000000 2370.430664 0.000000 0.980554 0.000000 -0.196251 0.788466 0.788466 0.788466
3626.856934 0.000000 2417.218262 0.000000 0.711779 0.000000 -0.702404 0.863738 0.863738 0.863738
3610.129883 0.000000 2383.739990 0.000000 0.947255 0.000000 -0.320482 0.847125 0.847125 0.847125
3611.041992 0.000000 2386.881104 0.000000 0.557567 0.000000 0.830132 0.430930 0.430930 0.430930
3633.178711 0.000000 2429.783203 0.000000 0.898184 0.000000 -0.439619 0.813068 0.813068 0.813068
3630.744141 0.000000 2373.305420 0.000000 0.575382 0.000000 0.817885 0.642405 0.642405 0.642405
3638.510742 0.000000 2418.063232 0.000000 0.982813 0.000000 -0.184604 0.801800 0.801800 0.801800
3621.780518 0.000000 2407.743652 0.000000 0.910645 0.000000 -0.413190 0.919083 0.919083 0.919083
3636.278564 0.000000 2416.149170 0.000000 0.845976 0.000000 -0.533222 0.819501 0.819501 0.819501
3633.742920 0.000000 2408.406494 0.000000 0.953367 0.000000 0.301814 0.630593 0.630593 0.630593
3624.022705 0.000000 2418.686523 0.000000 0.722175 0.000000 0.691711 0.598393 0.598393 0.598393
3635.884766 0.000000 2423.404053 0.000000 0.221677 0.000000 -0.975120 1.317591 1.317591 1.317591
3627.710693 0.000000 2418.794922 0.000000 0.181959 0.000000 -0.983306 1.345072 1.345072 1.345072
3641.107666 0.000000 2394.707031 0.000000 0.866357 0.000000 0.499425 0.554170 0.554170 0.554170
3645.819580 0.000000 2389.898193 0.000000 0.828351 0.000000 -0.560209 0.807897 0.807897 0.807897
3624.083984 0.000000 2399.224854 0.000000 0.007612 0.000000 0.999971 0.243642 0.243642 0.243642
3627.678467 0.000000 2373.819336 0.000000 0.502376 0.000000 0.864649 0.460565 0.460565 0.460565
3642.569092 0.000000 2416.273193 0.000000 0.039955 0.000000 -0.999201 1.263076 1.263076 1.263076
3629.873779 0.000000 2412.370117 0.000000 0.898930 0.000000 0.438093 0.647260 0.647260 0.647260
3644.281494 0.000000 2417.431152 0.000000 0.939095 0.000000 -0.343657 0.887940 0.887940 0.887940
3646.602783 0.000000 2387.757812 0.000000 0.910106 0.000000 0.414376 0.626800 0.626800 0.626800
3622.875488 0.000000 2421.603027 0.000000 0.989843 0.000000 -0.142165 0.804755 0.804755 0.804755
3622.189453 0.000000 2429.895020 0.000000 0.803409 0.000000 -0.595428 0.969736 0.969736 0.969736
3617.463867 0.000000 2398.232666 0.000000 0.895355 0.000000 -0.445353 0.875316 0.875316 0.875316
3640.806396 0.000000 2398.182617 0.000000 0.543984 0.000000 -0.839096 0.880494 0.880494 0.880494
3638.104736 0.000000 2401.087891 0.000000 0.239686 0.000000 -0.970851 1.329698 1.329698 1.329698
3610.143799 0.000000 2389.994385 0.000000 0.161934 0.000000 0.986802 0.272770 0.272770 0.272770
3613.855957 0.000000 2383.057861 0.000000 0.212487 0.000000 -0.977164 0.930358 0.930358 0.930358
3627.164307 0.000000 2376.824463 0.000000 0.659703 0.000000 0.751527 0.592367 0.592367 0.592367
3625.400391 0.000000 2376.420410 0.000000 0.388197 0.000000 0.921577 0.495415 0.495415 0.495415
3627.324707 0.000000 2413.956543 0.000000 0.956971 0.000000 0.290182 0.676681 0.676681 0.676681
3611.639648 0.000000 2390.341064 0.000000 0.987608 0.000000 -0.156941 0.803114 0.803114 0.803114
3611.991455 0.000000 2392.068848 0.000000 0.918621 0.000000 0.395139 0.618415 0.618415 0.618415
3627.311523 0.000000 2381.498535 0.000000 0.810536 0.000000 -0.585689 0.876535 0.876535 0.876535
3628.428223 0.000000 2411.858643 0.000000 0.425060 0.000000 -0.905165 1.074228 1.074228 1.074228
3611.227539 0.000000 2395.543945 0.000000 0.002117 0.000000 0.999998 0.341728 0.341728 0.341728
3626.349609 0.000000 2401.211670 0.000000 0.939820 0.000000 0.341671 0.647495 0.647495 0.647495
3627.956787 0.000000 2424.212158 0.000000 0.100880 0.000000 0.994899 0.089528 0.089528 0.089528
3610.306152 0.000000 2385.557861 0.000000 0.062077 0.000000 -0.998071 1.224578 1.224578 1.224578
3646.208496 0.000000 2424.845703 0.000000 0.808361 0.000000 0.588687 0.590895 0.590895 0.590895
3636.801514 0.000000 2408.584961 0.000000 0.948734 0.000000 0.316076 0.678344 0.678344 0.678344
3623.491699 0.000000 2430.785400 0.000000 0.997206 0.000000 -0.074702 0.768760 0.768760 0.768760
3615.287842 0.000000 2399.186523 0.000000 0.540263 0.000000 0.841496 0.519683 0.519683 0.519683
3624.364014 0.000000 2380.775391 0.000000 0.991704 0.000000 0.128545 0.709211 0.709211 0.709211
3625.178223 0.000000 2379.624268 0.000000 0.956729 0.000000 0.290980 0.647726 0.647726 0.647726
3634.346680 0.000000 2423.311768 0.000000 0.710402 0.000000 0.703796 0.421085 0.421085 0.421085
3628.018555 0.000000 2371.517578 0.000000 0.625662 0.000000 0.780094 0.575752 0.575752 0.575752
3622.199219 0.000000 2428.449951 0.000000 0.167299 0.000000 0.985906 0.266734 0.266734 0.266734
3610.974854 0.000000 2392.958984 0.000000 0.976863 0.000000 -0.213867 0.819817 0.819817 0.819817
3625.853027 0.000000 2398.401123 0.000000 0.851081 0.000000 0.525035 0.570947 0.570947 0.570947
3642.013916 0.000000 2430.750977 0.000000 0.252540 0.000000 0.967586 0.469202 0.469202 0.469202
3636.894775 0.000000 2409.918457 0.000000 0.653643 0.000000 -0.756803 0.941268 0.941268 0.941268
3623.753174 0.000000 2427.748047 0.000000 0.100293 0.000000 -0.994958 1.182232 1.182232 1.182232
3632.586182 0.000000 2423.254395 0.000000 0.109510 0.000000 -0.993986 1.387422 1.387422 1.387422
3639.804688 0.000000 2418.517090 0.000000 0.153207 0.000000 0.988194 0.354677 0.354677 0.354677
3645.472900 0.000000 2416.927490 0.000000 0.924630 0.000000 -0.380866 0.903638 0.903638 0.903638
3639.366211 0.000000 2401.213867 0.000000 0.944342 0.000000 -0.328966 0.896242 0.896242 0.896242
3630.678223 0.000000 2370.166016 0.000000 0.608144 0.000000 -0.793827 1.077974 1.077974 1.077974
3610.955566 0.000000 2394.232422 0.000000 0.996464 0.000000 0.084020 0.728107 0.728107 0.728107
3629.389893 0.000000 2373.590820 0.000000 0.165732 0.000000 -0.986171 1.091825 1.091825 1.091825
3644.485107 0.000000 2431.195557 0.000000 0.369509 0.000000 0.929227 0.397264 0.397264 0.397264
3610.052246 0.000000 2388.738525 0.000000 0.945678 0.000000 -0.325106 0.862220 0.862220 0.862220
3638.983643 0.000000 2419.497314 0.000000 0.825236 0.000000 -0.564788 0.917443 0.917443 0.917443
3641.992188 0.000000 2392.971924 0.000000 0.746575 0.000000 0.665301 0.499222 0.499222 0.499222
3623.558594 0.000000 2398.012695 0.000000 0.638044 0.000000 0.770000 0.437345 0.437345 0.437345
3624.929443 0.000000 2378.362793 0.000000 0.901119 0.000000 0.433573 0.594657 0.594657 0.594657
3611.444580 0.000000 2383.799805 0.000000 0.992465 0.000000 0.122528 0.713430 0.713430 0.713430
3627.622070 0.000000 2420.080078 0.000000 0.954187 0.000000 0.299212 0.670914 0.670914 0.670914
3630.049561 0.000000 2371.511963 0.000000 0.935495 0.000000 -0.353340 0.879154 0.879154 0.879154
3632.344971 0.000000 2408.125488 0.000000 0.752908 0.000000 0.658125 0.470240 0.470240 0.470240
3623.717041 0.000000 2419.920654 0.000000 0.130627 0.000000 -0.991432 1.084290 1.084290 1.084290
3628.065186 0.000000 2412.993652 0.000000 0.639443 0.000000 -0.768839 0.948700 0.948700 0.948700
3640.319336 0.000000 2393.817383 0.000000 0.005602 0.000000 0.999984 0.210754 0.210754 0.210754
3645.615723 0.000000 2430.856689 0.000000 0.389070 0.000000 0.921208 0.403519 0.403519 0.403519
3628.227295 0.000000 2410.596191 0.000000 0.988217 0.000000 -0.153062 0.794022 0.794022 0.794022
3627.941162 0.000000 2372.691895 0.000000 0.205063 0.000000 -0.978749 1.128062 1.128062 1.128062
3621.059082 0.000000 2406.618652 0.000000 0.132131 0.000000 -0.991232 1.320926 1.320926 1.320926
3632.878174 0.000000 2430.914307 0.000000 0.302321 0.000000 0.953206 0.378521 0.378521 0.378521
3634.344482 0.000000 2409.423096 0.000000 0.748233 0.000000 0.663436 0.562562 0.562562 0.562562
3623.617432 0.000000 2426.626221 0.000000 0.873436 0.000000 0.486939 0.600493 0.600493 0.600493
3627.641357 0.000000 2401.609619 0.000000 0.413186 0.000000 0.910646 0.413451 0.413451 0.413451
3622.187988 0.000000 2406.653809 0.000000 0.764396 0.000000 -0.644747 0.938926 0.938926 0.938926
3643.214111 0.000000 2417.167236 0.000000 0.770791 0.000000 0.637088 0.518499 0.518499 0.518499
3631.787598 0.000000 2404.368652 0.000000 0.530391 0.000000 0.847753 0.287771 0.287771 0.287771
3627.566895 0.000000 2374.933594 0.000000 0.815851 0.000000 -0.578262 0.976287 0.976287 0.976287
3610.326904 0.000000 2382.660156 0.000000 0.996738 0.000000 -0.080711 0.774055 0.774055 0.774055
3647.165771 0.000000 2386.837891 0.000000 0.967416 0.000000 0.253194 0.676188 0.676188 0.676188
3627.493164 0.000000 2425.279541 0.000000 0.085935 0.000000 -0.996301 1.417217 1.417217 1.417217
3626.690674 0.000000 2374.300049 0.000000 0.999789 0.000000 0.020519 0.742469 0.742469 0.742469
3610.733154 0.000000 2387.953125 0.000000 0.104130 0.000000 -0.994564 1.227778 1.227778 1.227778
3641.458496 0.000000 2400.400879 0.000000 0.732372 0.000000 0.680904 0.482136 0.482136 0.482136
3623.071289 0.000000 2399.581543 0.000000 0.460340 0.000000 -0.887743 1.138637 1.138637 1.138637
3626.669189 0.000000 2419.660400 0.000000 0.852086 0.000000 -0.523402 0.986190 0.986190 0.986190
3632.061768 0.000000 2430.267822 0.000000 0.441177 0.000000 -0.897420 1.077448 1.077448 1.077448
3626.844238 0.000000 2418.261230 0.000000 0.997270 0.000000 -0.073836 0.781689 0.781689 0.781689
3633.793213 0.000000 2422.425049 0.000000 0.763652 0.000000 -0.645628 1.056195 1.056195 1.056195
3610.676270 0.000000 2384.610352 0.000000 0.797523 0.000000 0.603289 0.546282 0.546282 0.546282
3624.869141 0.000000 2398.591309 0.000000 0.148059 0.000000 -0.988979 1.210686 1.210686 1.210686
3641.778809 0.000000 2393.966797 0.000000 0.283270 0.000000 0.959040 0.307772 0.307772 0.307772
3640.778076 0.000000 2395.645264 0.000000 0.109211 0.000000 -0.994019 1.297256 1.297256 1.297256
3633.139160 0.000000 2409.222900 0.000000 0.995104 0.000000 -0.098837 0.788556 0.788556 0.788556
3640.127441 0.000000 2394.857910 0.000000 0.607870 0.000000 0.794037 0.406442 0.406442 0.406442
3623.139404 0.000000 2428.717773 0.000000 0.314464 0.000000 0.949269 0.319034 0.319034 0.319034
3640.012451 0.000000 2400.422607 0.000000 0.763707 0.000000 -0.645564 1.000971 1.000971 1.000971
3623.034180 0.000000 2420.653564 0.000000 0.985197 0.000000 0.171428 0.683872 0.683872 0.683872
3611.395020 0.000000 2391.295654 0.000000 0.542161 0.000000 -0.840274 1.086289 1.086289 1.086289
3630.059082 0.000000 2405.690918 0.000000 0.699954 0.000000 0.714188 0.386578 0.386578 0.386578
3623.798584 0.000000 2421.328613 0.000000 0.994692 0.000000 -0.102895 0.789566 0.789566 0.789566
3635.518066 0.000000 2422.520264 0.000000 0.564798 0.000000 -0.825229 1.158910 1.158910 1.158910
3638.118652 0.000000 2400.144531 0.000000 0.038320 0.000000 0.999265 0.081428 0.081428 0.081428
3620.838379 0.000000 2407.665527 0.000000 0.995369 0.000000 0.096123 0.711785 0.711785 0.711785
3633.446289 0.000000 2423.455078 0.000000 0.709908 0.000000 0.704294 0.409085 0.409085 0.409085
3627.064453 0.000000 2424.135742 0.000000 0.405403 0.000000 0.914138 0.231697 0.231697 0.231697
3649.057129 0.000000 2383.278320 0.000000 0.447180 0.000000 0.894444 0.370621 0.370621 0.370621
3649.530762 0.000000 2410.433350 0.000000 0.816084 0.000000 -0.577934 0.897682 0.897682 0.897682
3681.343994 0.000000 2388.333740 0.000000 0.286683 0.000000 0.958025 0.622972 0.622972 0.622972
3647.927490 0.000000 2370.715088 0.000000 0.738694 0.000000 0.674040 0.707066 0.707066 0.707066
3656.115967 0.000000 2417.290039 0.000000 0.796838 0.000000 -0.604193 0.763362 0.763362 0.763362
3647.785400 0.000000 2392.300537 0.000000 0.600602 0.000000 -0.799548 0.864501 0.864501 0.864501
3648.268799 0.000000 2401.587646 0.000000 0.986431 0.000000 -0.164177 0.818246 0.818246 0.818246
3648.055908 0.000000 2418.538574 0.000000 0.845933 0.000000 -0.533289 0.754213 0.754213 0.754213
3678.488525 0.000000 2395.681152 0.000000 0.876185 0.000000 0.481974 0.641710 0.641710 0.641710
3659.412598 0.000000 2382.850586 0.000000 0.780077 0.000000 -0.625683 0.880374 0.880374 0.880374
3672.961914 0.000000 2404.152588 0.000000 0.979678 0.000000 0.200578 0.702734 0.702734 0.702734
3662.294434 0.000000 2378.586914 0.000000 0.462032 0.000000 -0.886863 0.884764 0.884764 0.884764
3654.379395 0.000000 2382.325439 0.000000 0.999665 0.000000 0.025893 0.745975 0.745975 0.745975
3683.843750 0.000000 2383.971924 0.000000 0.533324 0.000000 0.845911 0.610296 0.610296 0.610296
3649.899658 0.000000 2388.000244 0.000000 0.895573 0.000000 0.444915 0.733597 0.733597 0.733597
3662.923340 0.000000 2408.081787 0.000000 0.809935 0.000000 0.586519 0.593919 0.593919 0.593919
3677.124756 0.000000 2391.055176 0.000000 0.708094 0.000000 0.706118 0.559164 0.559164 0.559164
3675.123535 0.000000 2399.672119 0.000000 0.986367 0.000000 0.164562 0.703879 0.703879 0.703879
3678.632080 0.000000 2378.834229 0.000000 0.543675 0.000000 0.839296 0.598943 0.598943 0.598943
3665.929688 0.000000 2380.729980 0.000000 0.595652 0.000000 0.803243 0.631242 0.631242 0.631242
3670.563965 0.000000 2407.961182 0.000000 0.209436 0.000000 -0.977822 1.075901 1.075901 1.075901
3680.217285 0.000000 2382.825439 0.000000 0.338917 0.000000 0.940816 0.477042 0.477042 0.477042
3666.307129 0.000000 2409.780518 0.000000 0.902030 0.000000 -0.431674 0.761700 0.761700 0.761700
3647.762451 0.000000 2413.857178 0.000000 0.306572 0.000000 0.951847 0.587315 0.587315 0.587315
3652.823486 0.000000 2409.096191 0.000000 0.133201 0.000000 -0.991089 0.941063 0.941063 0.941063
3674.581055 0.000000 2371.968994 0.000000 0.995342 0.000000 -0.096409 0.758497 0.758497 0.758497
3656.702148 0.000000 2384.619873 0.000000 0.619953 0.000000 -0.784639 0.861482 0.861482 0.861482
3650.519287 0.000000 2393.839844 0.000000 0.161718 0.000000 0.986837 0.386089 0.386089 0.386089
3650.363037 0.000000 2407.364014 0.000000 0.928251 0.000000 -0.371954 0.796384 0.796384 0.796384
3647.604736 0.000000 2395.405518 0.000000 0.062863 0.000000 -0.998022 1.029516 1.029516 1.029516
3658.700684 0.000000 2415.921875 0.000000 0.866924 0.000000 0.498441 0.661091 0.661091 0.661091
3656.695801 0.000000 2380.513916 0.000000 0.701088 0.000000 0.713075 0.697974 0.697974 0.697974
3677.699219 0.000000 2372.075928 0.000000 0.979410 0.000000 -0.201880 0.775501 0.775501 0.775501
3677.947510 0.000000 2398.742432 0.000000 0.540815 0.000000 -0.841142 1.227174 1.227174 1.227174
3676.262451 0.000000 2393.722900 0.000000 0.434202 0.000000 0.900816 0.602987 0.602987 0.602987
3679.056396 0.000000 2376.013916 0.000000 0.613297 0.000000 0.789852 0.666457 0.666457 0.666457
3649.189209 0.000000 2421.141602 0.000000 0.380338 0.000000 0.924848 0.701366 0.701366 0.701366
3650.164062 0.000000 2390.722656 0.000000 0.998396 0.000000 0.056616 0.737909 0.737909 0.737909
3675.901367 0.000000 2396.950684 0.000000 0.374478 0.000000 -0.927236 0.925576 0.925576 0.925576
3661.843262 0.000000 2414.463623 0.000000 0.538083 0.000000 -0.842892 0.950876 0.950876 0.950876
3683.706543 0.000000 2386.779541 0.000000 0.971701 0.000000 -0.236213 0.808939 0.808939 0.808939
3678.277832 0.000000 2384.567383 0.000000 0.924033 0.000000 -0.382312 0.821985 0.821985 0.821985
3678.672119 0.000000 2388.884033 0.000000 0.932786 0.000000 0.360430 0.635392 0.635392 0.635392
3650.521484 0.000000 2418.658691 0.000000 0.115348 0.000000 0.993325 0.662809 0.662809 0.662809
3657.811279 0.000000 2419.216064 0.000000 0.479594 0.000000 -0.877491 0.956475 0.956475 0.956475
3674.951172 0.000000 2367.542725 0.000000 0.629503 0.000000 -0.776998 0.918289 0.918289 0.918289
3678.266357 0.000000 2381.243164 0.000000 0.349907 0.000000 -0.936785 0.872679 0.872679 0.872679
3681.112793 0.000000 2377.232178 0.000000 0.987525 0.000000 -0.157463 0.774574 0.774574 0.774574
3663.992676 0.000000 2410.329102 0.000000 0.788326 0.000000 -0.615258 0.846788 0.846788 0.846788
3670.943115 0.000000 2405.716309 0.000000 0.231144 0.000000 -0.972919 1.050532 1.050532 1.050532
3679.490479 0.000000 2386.684570 0.000000 0.427834 0.000000 -0.903857 1.255101 1.255101 1.255101
3680.859375 0.000000 2379.500977 0.000000 0.300356 0.000000 -0.953827 1.107865 1.107865 1.107865
3668.087646 0.000000 2407.690674 0.000000 0.601632 0.000000 -0.798774 1.006403 1.006403 1.006403
3659.580811 0.000000 2417.988281 0.000000 0.692422 0.000000 0.721493 0.494965 0.494965 0.494965
3663.943359 0.000000 2379.949951 0.000000 0.963950 0.000000 0.266085 0.716717 0.716717 0.716717
3662.675293 0.000000 2386.770508 0.000000 0.073505 0.000000 0.997295 0.371538 0.371538 0.371538
3657.303223 0.000000 2382.510986 0.000000 0.367223 0.000000 0.930133 0.192960 0.192960 0.192960
3679.784668 0.000000 2397.772217 0.000000 0.938684 0.000000 -0.344778 0.855455 0.855455 0.855455
3647.556396 0.000000 2425.810791 0.000000 0.814158 0.000000 0.580644 0.593401 0.593401 0.593401
3648.922852 0.000000 2372.506836 0.000000 0.569133 0.000000 -0.822246 0.939790 0.939790 0.939790
3651.586426 0.000000 2389.236084 0.000000 0.116537 0.000000 0.993186 0.170113 0.170113 0.170113
3649.571045 0.000000 2378.995850 0.000000 0.546555 0.000000 -0.837423 0.894960 0.894960 0.894960
3653.888184 0.000000 2407.274902 0.000000 0.999981 0.000000 -0.006158 0.751580 0.751580 0.751580
3685.923584 0.000000 2383.114258 0.000000 0.850836 0.000000 0.525432 0.575976 0.575976 0.575976
3651.628662 0.000000 2387.065918 0.000000 0.538127 0.000000 0.842864 0.616715 0.616715 0.616715
3661.016846 0.000000 2408.489258 0.000000 0.997949 0.000000 -0.064016 0.771351 0.771351 0.771351
3665.521973 0.000000 2411.551514 0.000000 0.484805 0.000000 -0.874622 1.094871 1.094871 1.094871
3649.000488 0.000000 2381.315186 0.000000 0.401742 0.000000 0.915753 0.401099 0.401099 0.401099
3682.004883 0.000000 2383.482910 0.000000 0.698974 0.000000 -0.715147 0.860408 0.860408 0.860408
3676.166748 0.000000 2373.214600 0.000000 0.332594 0.000000 0.943070 0.595476 0.595476 0.595476
3654.650879 0.000000 2384.169434 0.000000 0.728491 0.000000 -0.685056 0.826306 0.826306 0.826306
3667.622314 0.000000 2411.234375 0.000000 0.715699 0.000000 -0.698409 1.074284 1.074284 1.074284
3668.964111 0.000000 2406.033447 0.000000 0.168548 0.000000 0.985693 0.361637 0.361637 0.361637
3651.367188 0.000000 2410.197998 0.000000 0.416372 0.000000 -0.909194 1.032093 1.032093 1.032093
3676.796143 0.000000 2400.569580 0.000000 0.355944 0.000000 -0.934507 0.869767 0.869767 0.869767
3649.376953 0.000000 2395.302734 0.000000 0.340905 0.000000 0.940098 0.406529 0.406529 0.406529
3650.875488 0.000000 2421.610107 0.000000 0.691416 0.000000 -0.722457 1.112805 1.112805 1.112805
3651.258301 0.000000 2392.197510 0.000000 0.270977 0.000000 -0.962586 1.084977 1.084977 1.084977
3660.239990 0.000000 2415.106445 0.000000 0.257958 0.000000 -0.966156 1.012434 1.012434 1.012434
3652.122559 0.000000 2407.157959 0.000000 0.992963 0.000000 -0.118425 0.780450 0.780450 0.780450
3680.055664 0.000000 2381.072998 0.000000 0.622127 0.000000 -0.782916 0.923445 0.923445 0.923445
3649.583984 0.000000 2392.419922 0.000000 0.661154 0.000000 -0.750250 1.035953 1.035953 1.035953
3658.308105 0.000000 2414.283691 0.000000 0.458856 0.000000 0.888511 0.563579 0.563579 0.563579
3676.954590 0.000000 2389.098877 0.000000 0.852836 0.000000 0.522179 0.685191 0.685191 0.685191
3660.722900 0.000000 2386.544678 0.000000 0.178358 0.000000 0.983966 0.546777 0.546777 0.546777
3676.770264 0.000000 2395.400879 0.000000 0.504302 0.000000 0.863528 0.547047 0.547047 0.547047
3674.569580 0.000000 2373.712646 0.000000 0.999399 0.000000 -0.034669 0.757337 0.757337 0.757337
3648.560547 0.000000 2393.847656 0.000000 0.685517 0.000000 0.728057 0.475154 0.475154 0.475154
3677.622314 0.000000 2397.098633 0.000000 0.656019 0.000000 -0.754744 1.158358 1.158358 1.158358
3679.887451 0.000000 2385.006104 0.000000 0.153215 0.000000 -0.988193 1.010010 1.010010 1.010010
3683.880859 0.000000 2382.324219 0.000000 0.372557 0.000000 0.928009 0.585249 0.585249 0.585249
3674.323486 0.000000 2396.794189 0.000000 0.753024 0.000000 -0.657993 0.856229 0.856229 0.856229
3676.361816 0.000000 2398.512939 0.000000 0.983763 0.000000 0.179471 0.663842 0.663842 0.663842
3648.009277 0.000000 2378.246094 0.000000 0.921960 0.000000 -0.387284 0.808081 0.808081 0.808081
3655.832031 0.000000 2383.111328 0.000000 0.416158 0.000000 -0.909292 0.927413 0.927413 0.927413
3683.084229 0.000000 2385.326660 0.000000 0.984944 0.000000 0.172876 0.688838 0.688838 0.688838
3676.608643 0.000000 2367.625732 0.000000 0.702308 0.000000 0.711873 0.484498 0.484498 0.484498
3656.152344 0.000000 2418.851074 0.000000 0.380415 0.000000 -0.924816 0.977679 0.977679 0.977679
3648.805420 0.000000 2403.033203 0.000000 0.944607 0.000000 0.328205 0.613502 0.613502 0.613502
3682.145264 0.000000 2386.865234 0.000000 0.259548 0.000000 -0.965730 1.073343 1.073343 1.073343
3675.219727 0.000000 2395.543945 0.000000 0.939895 0.000000 0.341464 0.691276 0.691276 0.691276
3674.736572 0.000000 2401.130127 0.000000 0.268044 0.000000 0.963407 0.411802 0.411802 0.411802
3662.232422 0.000000 2409.414062 0.000000 0.162809 0.000000 0.986658 0.399549 0.399549 0.399549
3649.595947 0.000000 2400.788330 0.000000 0.824724 0.000000 0.565535 0.501271 0.501271 0.501271
3648.568359 0.000000 2412.569824 0.000000 0.729535 0.000000 -0.683944 0.962943 0.962943 0.962943
3674.807129 0.000000 2398.176514 0.000000 0.816085 0.000000 0.577931 0.578089 0.578089 0.578089
3672.454834 0.000000 2405.568604 0.000000 0.942955 0.000000 -0.332919 0.829436 0.829436 0.829436
3668.427246 0.000000 2404.670410 0.000000 0.464228 0.000000 0.885716 0.532015 0.532015 0.532015
3650.646973 0.000000 2411.533936 0.000000 0.355372 0.000000 -0.934725 1.048440 1.048440 1.048440
3677.657227 0.000000 2394.279541 0.000000 0.451095 0.000000 -0.892476 0.964750 0.964750 0.964750
3651.079346 0.000000 2420.054443 0.000000 0.705536 0.000000 0.708674 0.396062 0.396062 0.396062
3671.514893 0.000000 2404.399414 0.000000 0.139522 0.000000 0.990219 0.428511 0.428511 0.428511
3671.626465 0.000000 2407.004883 0.000000 0.764614 0.000000 -0.644489 0.917853 0.917853 0.917853
3663.936279 0.000000 2381.342041 0.000000 0.321757 0.000000 -0.946822 0.996747 0.996747 0.996747
3679.914062 0.000000 2388.093262 0.000000 0.789274 0.000000 -0.614041 0.955505 0.955505 0.955505
3659.171143 0.000000 2419.279785 0.000000 0.916035 0.000000 0.401097 0.629448 0.629448 0.629448
3678.394775 0.000000 2387.556396 0.000000 0.989748 0.000000 0.142827 0.685865 0.685865 0.685865
3662.765869 0.000000 2380.656494 0.000000 0.035336 0.000000 0.999376 0.445250 0.445250 0.445250
3679.048340 0.000000 2394.451416 0.000000 0.070755 0.000000 -0.997494 1.072987 1.072987 1.072987
3651.594238 0.000000 2390.892822 0.000000 0.451769 0.000000 0.892135 0.514762 0.514762 0.514762
3678.322266 0.000000 2386.044434 0.000000 0.766649 0.000000 -0.642067 1.061998 1.061998 1.061998
3650.103760 0.000000 2389.305664 0.000000 0.113852 0.000000 -0.993498 1.330965 1.330965 1.330965
3681.746826 0.000000 2378.395996 0.000000 0.419051 0.000000 0.907963 0.428137 0.428137 0.428137
3681.124512 0.000000 2381.826416 0.000000 0.896401 0.000000 0.443245 0.661436 0.661436 0.661436
3679.369629 0.000000 2383.810303 0.000000 0.320021 0.000000 -0.947410 0.978461 0.978461 0.978461
3647.618652 0.000000 2424.446289 0.000000 0.952949 0.000000 0.303129 0.672152 0.672152 0.672152
3669.546143 0.000000 2407.164062 0.000000 0.836239 0.000000 0.548365 0.589159 0.589159 0.589159
3669.745605 0.000000 2405.035645 0.000000 0.074729 0.000000 0.997204 0.450280 0.450280 0.450280
3678.864014 0.000000 2396.933838 0.000000 0.707184 0.000000 0.707030 0.514739 0.514739 0.514739
3649.533691 0.000000 2380.222412 0.000000 0.078076 0.000000 0.996947 0.300031 0.300031 0.300031
3665.178711 0.000000 2410.257324 0.000000 0.938933 0.000000 -0.344101 0.863789 0.863789 0.863789
3648.944824 0.000000 2411.462402 0.000000 0.173403 0.000000 -0.984851 1.084700 1.084700 1.084700
3651.121094 0.000000 2388.151611 0.000000 0.954948 0.000000 -0.296773 0.870170 0.870170 0.870170
3660.942627 0.000000 2409.686523 0.000000 0.743276 0.000000 -0.668984 0.994248 0.994248 0.994248
3649.021240 0.000000 2413.664062 0.000000 0.155987 0.000000 0.987759 0.350166 0.350166 0.350166
3677.800293 0.000000 2399.906006 0.000000 0.421360 0.000000 -0.906894 1.292329 1.292329 1.292329
3677.723145 0.000000 2390.039307 0.000000 0.280538 0.000000 -0.959843 1.063137 1.063137 1.063137
3649.360352 0.000000 2401.965820 0.000000 0.491164 0.000000 -0.871067 1.187543 1.187543 1.187543
3684.792725 0.000000 2383.074219 0.000000 0.751597 0.000000 -0.659623 0.976587 0.976587 0.976587
3658.980225 0.000000 2417.036621 0.000000 0.876588 0.000000 0.481241 0.591126 0.591126 0.591126
3666.504639 0.000000 2410.949707 0.000000 0.251390 0.000000 -0.967886 1.302242 1.302242 1.302242
3663.337891 0.000000 2409.419434 0.000000 0.999366 0.000000 0.035599 0.741133 0.741133 0.741133
3662.211182 0.000000 2387.819580 0.000000 0.760405 0.000000 -0.649449 0.928677 0.928677 0.928677
3667.640137 0.000000 2410.083008 0.000000 0.867350 0.000000 0.497698 0.531506 0.531506 0.531506
3658.487305 0.000000 2418.362061 0.000000 0.642662 0.000000 0.766150 0.495050 0.495050 0.495050
3663.518799 0.000000 2387.532227 0.000000 0.582739 0.000000 0.812660 0.510191 0.510191 0.510191
3657.180908 0.000000 2383.590088 0.000000 0.802635 0.000000 0.596470 0.452034 0.452034 0.452034
3650.175293 0.000000 2420.655762 0.000000 0.948482 0.000000 -0.316832 0.894874 0.894874 0.894874
3649.903564 0.000000 2403.030762 0.000000 0.998649 0.000000 0.051960 0.728781 0.728781 0.728781
3682.741699 0.000000 2384.272217 0.000000 0.999948 0.000000 0.010155 0.746425 0.746425 0.746425
3676.318604 0.000000 2399.574707 0.000000 0.010762 0.000000 0.999942 0.005139 0.005139 0.005139
3664.449463 0.000000 2411.297607 0.000000 0.807781 0.000000 -0.589483 0.954210 0.954210 0.954210
3678.635986 0.000000 2397.956299 0.000000 0.787264 0.000000 -0.616616 0.949056 0.949056 0.949056
3648.727295 0.000000 2382.318848 0.000000 0.868084 0.000000 -0.496418 0.927996 0.927996 0.927996
3677.550537 0.000000 2396.080322 0.000000 0.670383 0.000000 -0.742016 1.149195 1.149195 1.149195
3660.028320 0.000000 2408.341797 0.000000 0.975935 0.000000 -0.218062 0.823266 0.823266 0.823266
3676.760986 0.000000 2397.602051 0.000000 0.928474 0.000000 -0.371398 0.931682 0.931682 0.931682
3648.063477 0.000000 2383.385498 0.000000 0.887642 0.000000 0.460534 0.586008 0.586008 0.586008
3648.672363 0.000000 2392.749268 0.000000 0.967502 0.000000 0.252865 0.663841 0.663841 0.663841
3676.109375 0.000000 2396.043213 0.000000 0.605439 0.000000 0.795892 0.310503 0.310503 0.310503
3651.503906 0.000000 2420.921387 0.000000 0.679346 0.000000 -0.733818 1.120254 1.120254 1.120254
3676.820801 0.000000 2396.638184 0.000000 0.642018 0.000000 -0.766690 1.167146 1.167146 1.167146
3657.997070 0.000000 2383.164551 0.000000 0.795350 0.000000 0.606151 0.446385 0.446385 0.446385
3656.391846 0.000000 2382.403564 0.000000 0.750727 0.000000 0.660612 0.413552 0.413552 0.413552
3677.127441 0.000000 2399.129639 0.000000 0.232909 0.000000 -0.972499 1.387763 1.387763 1.387763
3648.668457 0.000000 2400.785889 0.000000 0.668051 0.000000 -0.744115 1.097267 1.097267 1.097267
3651.947021 0.000000 2420.135498 0.000000 0.984255 0.000000 0.176755 0.670151 0.670151 0.670151
3677.548584 0.000000 2397.949951 0.000000 0.625846 0.000000 -0.779947 1.177131 1.177131 1.177131
3624.997559 0.000000 2433.477539 0.000000 0.138751 0.000000 -0.990327 1.042179 1.042179 1.042179
3623.797607 0.000000 2443.441162 0.000000 0.797482 0.000000 -0.603343 0.947676 0.947676 0.947676
3629.086426 0.000000 2436.332275 0.000000 0.426854 0.000000 -0.904321 1.236547 1.236547 1.236547
3622.436768 0.000000 2440.266602 0.000000 0.925129 0.000000 0.379652 0.722292 0.722292 0.722292
3622.992676 0.000000 2431.460205 0.000000 0.801507 0.000000 0.597985 0.589175 0.589175 0.589175
3643.150635 0.000000 2431.523193 0.000000 0.119945 0.000000 -0.992781 1.059629 1.059629 1.059629
3623.362793 0.000000 2433.136230 0.000000 0.947388 0.000000 -0.320088 0.812227 0.812227 0.812227
3622.276611 0.000000 2443.993896 0.000000 0.953589 0.000000 -0.301113 0.843349 0.843349 0.843349
3624.468262 0.000000 2432.000732 0.000000 0.975445 0.000000 -0.220244 0.795322 0.795322 0.795322
3629.389893 0.000000 2437.575195 0.000000 0.737226 0.000000 0.675646 0.430523 0.430523 0.430523
3644.304932 0.000000 2431.462402 0.000000 0.409870 0.000000 -0.912144 1.089769 1.089769 1.089769
3622.703857 0.000000 2443.009277 0.000000 0.993216 0.000000 -0.116281 0.785570 0.785570 0.785570
3623.814209 0.000000 2442.379150 0.000000 0.066685 0.000000 0.997774 0.290956 0.290956 0.290956
3628.620361 0.000000 2437.203613 0.000000 0.306162 0.000000 -0.951979 1.292469 1.292469 1.292469
"}
