object={
	name="tree_leaf_high_generator_1_0"
	clamp_to_water_level=no
	render_under_water=no
	generated_content=yes
	layer="tree_high_layer"
	pdxmesh="tree_leaf_01_a_mesh"
	count=27
	transform="3471.479980 0.000000 2223.544678 0.000000 0.715572 0.000000 0.698539 0.585304 0.585304 0.585304
3470.372314 0.000000 2220.427246 0.000000 0.986177 0.000000 -0.165693 0.876134 0.876134 0.876134
3485.722656 0.000000 2372.075928 0.000000 0.837366 0.000000 0.546642 0.745710 0.745710 0.745710
3489.461426 0.000000 2385.456543 0.000000 0.799806 0.000000 -0.600258 1.075176 1.075176 1.075176
3474.776611 0.000000 2383.175049 0.000000 0.303967 0.000000 -0.952682 1.331804 1.331804 1.331804
3481.298096 0.000000 2387.660889 0.000000 0.918019 0.000000 -0.396536 0.931111 0.931111 0.931111
3492.316650 0.000000 2376.772461 0.000000 0.903409 0.000000 -0.428780 0.980552 0.980552 0.980552
3486.034668 0.000000 2374.123535 0.000000 0.998662 0.000000 -0.051706 0.809608 0.809608 0.809608
3487.943848 0.000000 2371.274658 0.000000 0.554925 0.000000 -0.831901 1.094350 1.094350 1.094350
3490.984131 0.000000 2373.121094 0.000000 0.995558 0.000000 0.094151 0.771375 0.771375 0.771375
3493.055420 0.000000 2368.062744 0.000000 0.453852 0.000000 0.891077 0.617700 0.617700 0.617700
3470.271973 0.000000 2390.014893 0.000000 0.255528 0.000000 -0.966802 1.156481 1.156481 1.156481
3494.612061 0.000000 2371.664551 0.000000 0.938612 0.000000 -0.344974 0.891448 0.891448 0.891448
3483.057617 0.000000 2386.881104 0.000000 0.086389 0.000000 0.996262 0.183384 0.183384 0.183384
3490.028320 0.000000 2383.482910 0.000000 0.914711 0.000000 0.404109 0.683680 0.683680 0.683680
3494.726562 0.000000 2373.868652 0.000000 0.076518 0.000000 0.997068 0.444871 0.444871 0.444871
3488.745117 0.000000 2375.237305 0.000000 0.631596 0.000000 0.775297 0.443844 0.443844 0.443844
3491.879395 0.000000 2369.807373 0.000000 0.614120 0.000000 0.789213 0.389462 0.389462 0.389462
3497.660156 0.000000 2373.821777 0.000000 0.069639 0.000000 0.997572 0.482206 0.482206 0.482206
3489.961670 0.000000 2369.444336 0.000000 0.692673 0.000000 -0.721252 1.094445 1.094445 1.094445
3480.327393 0.000000 2383.418213 0.000000 0.933695 0.000000 0.358069 0.701263 0.701263 0.701263
3493.142578 0.000000 2375.067871 0.000000 0.992350 0.000000 0.123454 0.748336 0.748336 0.748336
3486.326416 0.000000 2370.420410 0.000000 0.139158 0.000000 0.990270 0.371237 0.371237 0.371237
3492.299805 0.000000 2371.522949 0.000000 0.951527 0.000000 -0.307565 0.940491 0.940491 0.940491
3484.340332 0.000000 2371.043457 0.000000 0.683583 0.000000 -0.729873 1.095756 1.095756 1.095756
3482.593018 0.000000 2373.712646 0.000000 0.973726 0.000000 0.227721 0.705479 0.705479 0.705479
3491.904297 0.000000 2382.324219 0.000000 0.973749 0.000000 -0.227624 0.864210 0.864210 0.864210
"}
