object={
	name="tree_leaf_high_generator_2_0"
	clamp_to_water_level=no
	render_under_water=no
	generated_content=yes
	layer="tree_high_layer"
	pdxmesh="tree_leaf_01_b_mesh"
	count=12
	transform="3473.202393 0.000000 2222.778076 0.000000 0.868505 0.000000 0.495681 0.361416 0.361416 0.361416
3491.074219 0.000000 2367.984375 0.000000 0.053077 0.000000 -0.998590 0.404547 0.404547 0.404547
3485.082764 0.000000 2369.145508 0.000000 0.752667 0.000000 0.658402 0.394976 0.394976 0.394976
3493.005371 0.000000 2373.166016 0.000000 0.032458 0.000000 -0.999473 0.582041 0.582041 0.582041
3466.750000 0.000000 2392.492920 0.000000 0.889368 0.000000 -0.457192 0.404742 0.404742 0.404742
3490.558838 0.000000 2371.127686 0.000000 0.376489 0.000000 -0.926421 0.427804 0.427804 0.427804
3472.619873 0.000000 2387.659180 0.000000 0.110946 0.000000 -0.993826 0.536286 0.536286 0.536286
3490.395996 0.000000 2381.419189 0.000000 0.808422 0.000000 -0.588604 0.428281 0.428281 0.428281
3486.301270 0.000000 2384.567383 0.000000 0.304279 0.000000 -0.952583 0.472443 0.472443 0.472443
3478.700928 0.000000 2384.210449 0.000000 0.231214 0.000000 -0.972903 0.468117 0.468117 0.468117
3493.572266 0.000000 2378.558838 0.000000 0.757244 0.000000 -0.653132 0.446198 0.446198 0.446198
3476.128906 0.000000 2381.088867 0.000000 0.386126 0.000000 0.922446 0.329049 0.329049 0.329049
"}
