object={
	name="tree_palm_generator_1_0"
	clamp_to_water_level=no
	render_under_water=no
	generated_content=yes
	layer="tree_high_layer"
	pdxmesh="tree_palm_01_a_mesh"
	count=485
	transform="325.522491 0.000000 2425.977783 0.000000 0.378977 0.000000 -0.925406 1.121429 1.121429 1.121429
330.322662 0.000000 2429.119873 0.000000 0.759247 0.000000 0.650802 0.599937 0.599937 0.599937
328.866760 0.000000 2426.068604 0.000000 0.180304 0.000000 -0.983611 1.032187 1.032187 1.032187
327.213928 0.000000 2428.718506 0.000000 0.554427 0.000000 0.832232 0.491081 0.491081 0.491081
323.806549 0.000000 2423.303955 0.000000 0.143858 0.000000 0.989598 0.191465 0.191465 0.191465
328.539612 0.000000 2430.520264 0.000000 0.999997 0.000000 -0.002516 0.700682 0.700682 0.700682
323.590088 0.000000 2425.341553 0.000000 0.902435 0.000000 0.430825 0.630257 0.630257 0.630257
328.893982 0.000000 2427.928955 0.000000 0.648972 0.000000 -0.760812 0.906691 0.906691 0.906691
327.186646 0.000000 2426.732178 0.000000 0.997884 0.000000 0.065016 0.681080 0.681080 0.681080
331.404419 0.000000 2430.442383 0.000000 0.115427 0.000000 -0.993316 1.045838 1.045838 1.045838
325.134003 0.000000 2424.339355 0.000000 0.524642 0.000000 -0.851323 1.063103 1.063103 1.063103
327.140991 0.000000 2431.266113 0.000000 0.607240 0.000000 0.794518 0.587032 0.587032 0.587032
326.779541 0.000000 2424.914551 0.000000 0.396329 0.000000 0.918108 0.395873 0.395873 0.395873
325.181061 0.000000 2422.360352 0.000000 0.809516 0.000000 0.587097 0.476303 0.476303 0.476303
322.167542 0.000000 2422.644043 0.000000 0.085516 0.000000 0.996337 0.170524 0.170524 0.170524
329.988586 0.000000 2430.855225 0.000000 0.981791 0.000000 0.189966 0.648162 0.648162 0.648162
322.650879 0.000000 2424.218750 0.000000 0.927253 0.000000 0.374437 0.639905 0.639905 0.639905
328.514862 0.000000 2429.193848 0.000000 0.805463 0.000000 0.592646 0.554557 0.554557 0.554557
327.360229 0.000000 2429.980469 0.000000 0.997091 0.000000 -0.076218 0.716212 0.716212 0.716212
329.897400 0.000000 2427.122559 0.000000 0.527044 0.000000 0.849838 0.457183 0.457183 0.457183
326.481079 0.000000 2427.777832 0.000000 0.407027 0.000000 -0.913416 1.034883 1.034883 1.034883
327.737244 0.000000 2425.666748 0.000000 0.512785 0.000000 -0.858517 0.969902 0.969902 0.969902
331.342529 0.000000 2432.193115 0.000000 0.999768 0.000000 0.021547 0.693583 0.693583 0.693583
328.044830 0.000000 2432.744141 0.000000 0.537356 0.000000 0.843356 0.357678 0.357678 0.357678
329.834473 0.000000 2433.410645 0.000000 0.673935 0.000000 -0.738791 0.983571 0.983571 0.983571
329.181305 0.000000 2431.547852 0.000000 0.149895 0.000000 0.988702 0.314770 0.314770 0.314770
327.109192 0.000000 2431.437012 0.000000 0.968344 0.000000 -0.249620 0.731039 0.731039 0.731039
331.696838 0.000000 2433.342529 0.000000 0.943296 0.000000 -0.331952 0.800763 0.800763 0.800763
330.172729 0.000000 2432.288818 0.000000 0.982644 0.000000 -0.185500 0.755561 0.755561 0.755561
3269.163330 0.000000 2361.993408 0.000000 0.232077 0.000000 0.972697 0.419705 0.419705 0.419705
3280.042725 0.000000 2348.795654 0.000000 0.249484 0.000000 -0.968379 1.066868 1.066868 1.066868
3274.974365 0.000000 2341.245605 0.000000 0.874078 0.000000 0.485786 0.536178 0.536178 0.536178
3272.162842 0.000000 2353.305664 0.000000 0.987848 0.000000 0.155425 0.647201 0.647201 0.647201
3277.029297 0.000000 2359.885498 0.000000 0.826716 0.000000 0.562619 0.486969 0.486969 0.486969
3281.683105 0.000000 2355.881592 0.000000 0.852714 0.000000 -0.522378 0.879812 0.879812 0.879812
3273.963623 0.000000 2365.135498 0.000000 0.992262 0.000000 -0.124165 0.739159 0.739159 0.739159
3279.974365 0.000000 2365.578857 0.000000 0.548468 0.000000 -0.836172 0.878595 0.878595 0.878595
3269.179443 0.000000 2367.375244 0.000000 0.816141 0.000000 0.577853 0.681912 0.681912 0.681912
3268.513184 0.000000 2356.858398 0.000000 0.921403 0.000000 -0.388609 0.717298 0.717298 0.717298
3277.585449 0.000000 2353.096924 0.000000 0.695637 0.000000 -0.718394 0.985737 0.985737 0.985737
3271.768311 0.000000 2337.620850 0.000000 0.981460 0.000000 0.191668 0.693529 0.693529 0.693529
3278.970215 0.000000 2344.097412 0.000000 0.999086 0.000000 0.042752 0.686428 0.686428 0.686428
3272.862549 0.000000 2358.264160 0.000000 0.495351 0.000000 0.868693 0.683813 0.683813 0.683813
3283.375488 0.000000 2351.775391 0.000000 0.180087 0.000000 -0.983651 0.736916 0.736916 0.736916
3280.978271 0.000000 2360.753662 0.000000 0.879098 0.000000 -0.476641 0.738898 0.738898 0.738898
3275.202148 0.000000 2345.018311 0.000000 0.998699 0.000000 -0.050996 0.715906 0.715906 0.715906
3276.110107 0.000000 2356.326904 0.000000 0.908712 0.000000 0.417423 0.546485 0.546485 0.546485
3275.385010 0.000000 2336.604980 0.000000 0.988027 0.000000 0.154284 0.693936 0.693936 0.693936
3272.039307 0.000000 2343.363037 0.000000 0.983033 0.000000 -0.183429 0.705158 0.705158 0.705158
3277.222900 0.000000 2363.457520 0.000000 0.894815 0.000000 -0.446437 0.864984 0.864984 0.864984
3267.086914 0.000000 2364.739014 0.000000 0.822331 0.000000 -0.569009 0.832861 0.832861 0.832861
3272.507568 0.000000 2362.084229 0.000000 0.181162 0.000000 -0.983453 1.160111 1.160111 1.160111
3270.854736 0.000000 2364.734131 0.000000 0.946104 0.000000 0.323862 0.636369 0.636369 0.636369
3279.060547 0.000000 2357.556152 0.000000 0.986991 0.000000 -0.160773 0.757567 0.757567 0.757567
3280.612793 0.000000 2353.020020 0.000000 0.705435 0.000000 -0.708774 0.903748 0.903748 0.903748
3277.629395 0.000000 2346.818848 0.000000 0.119981 0.000000 0.992776 0.201129 0.201129 0.201129
3277.301270 0.000000 2366.301514 0.000000 0.897442 0.000000 0.441133 0.537126 0.537126 0.537126
3270.127686 0.000000 2359.317627 0.000000 0.999978 0.000000 0.006703 0.698716 0.698716 0.698716
3283.726318 0.000000 2359.903320 0.000000 0.954756 0.000000 0.297392 0.655673 0.655673 0.655673
3277.890137 0.000000 2350.479248 0.000000 0.901493 0.000000 -0.432794 0.859569 0.859569 0.859569
3273.997070 0.000000 2338.901367 0.000000 0.034796 0.000000 0.999394 0.410098 0.410098 0.410098
3274.485107 0.000000 2360.509521 0.000000 0.681314 0.000000 -0.731991 0.920445 0.920445 0.920445
3279.817627 0.000000 2363.066162 0.000000 0.809741 0.000000 0.586787 0.636000 0.636000 0.636000
3277.170410 0.000000 2342.388672 0.000000 0.284687 0.000000 0.958621 0.307446 0.307446 0.307446
3273.858154 0.000000 2355.231689 0.000000 0.982991 0.000000 0.183651 0.676502 0.676502 0.676502
3279.266113 0.000000 2355.138184 0.000000 0.024487 0.000000 -0.999700 1.251269 1.251269 1.251269
3281.547363 0.000000 2358.386719 0.000000 0.791741 0.000000 0.610856 0.565866 0.565866 0.565866
3265.357910 0.000000 2366.498779 0.000000 0.769487 0.000000 0.638662 0.639952 0.639952 0.639952
3273.193848 0.000000 2348.836670 0.000000 0.135230 0.000000 0.990814 0.547511 0.547511 0.547511
3280.039551 0.000000 2346.344727 0.000000 0.293769 0.000000 0.955876 0.563000 0.563000 0.563000
3274.838135 0.000000 2362.987549 0.000000 0.996449 0.000000 0.084194 0.669949 0.669949 0.669949
3281.225830 0.000000 2350.746826 0.000000 0.462006 0.000000 0.886877 0.378299 0.378299 0.378299
3272.180420 0.000000 2366.535889 0.000000 0.387458 0.000000 -0.921887 1.118155 1.118155 1.118155
3275.173340 0.000000 2358.367188 0.000000 0.736511 0.000000 -0.676426 0.911879 0.911879 0.911879
3274.573730 0.000000 2347.112305 0.000000 0.454517 0.000000 0.890738 0.365058 0.365058 0.365058
3278.806396 0.000000 2361.120117 0.000000 0.580519 0.000000 0.814247 0.467221 0.467221 0.467221
3273.099365 0.000000 2345.180420 0.000000 0.306389 0.000000 0.951907 0.613724 0.613724 0.613724
3274.207275 0.000000 2343.211914 0.000000 0.563882 0.000000 -0.825856 0.845362 0.845362 0.845362
3283.636719 0.000000 2356.586182 0.000000 0.255113 0.000000 -0.966911 0.874366 0.874366 0.874366
3272.845703 0.000000 2351.240234 0.000000 0.312565 0.000000 -0.949897 0.922459 0.922459 0.922459
3282.567627 0.000000 2353.804688 0.000000 0.327088 0.000000 -0.944994 0.831496 0.831496 0.831496
3279.133301 0.000000 2367.411621 0.000000 0.996685 0.000000 0.081355 0.674950 0.674950 0.674950
3277.063721 0.000000 2344.504883 0.000000 0.965691 0.000000 -0.259695 0.781536 0.781536 0.781536
3275.889404 0.000000 2364.984375 0.000000 0.281799 0.000000 -0.959473 1.158157 1.158157 1.158157
3281.568848 0.000000 2347.567139 0.000000 0.237620 0.000000 0.971358 0.556729 0.556729 0.556729
3276.116699 0.000000 2361.578125 0.000000 0.093293 0.000000 -0.995639 1.226692 1.226692 1.226692
3279.810303 0.000000 2359.273682 0.000000 0.974428 0.000000 -0.224699 0.780796 0.780796 0.780796
3277.370605 0.000000 2354.949707 0.000000 0.960883 0.000000 -0.276955 0.800044 0.800044 0.800044
3279.503418 0.000000 2351.513428 0.000000 0.533027 0.000000 -0.846098 1.059581 1.059581 1.059581
3267.404297 0.000000 2366.858154 0.000000 0.112587 0.000000 0.993642 0.500243 0.500243 0.500243
3273.356934 0.000000 2336.714111 0.000000 0.991671 0.000000 0.128800 0.675081 0.675081 0.675081
3276.989502 0.000000 2358.010498 0.000000 0.162812 0.000000 -0.986657 1.201697 1.201697 1.201697
3272.534912 0.000000 2363.944580 0.000000 0.084151 0.000000 0.996453 0.207445 0.207445 0.207445
3278.331055 0.000000 2364.885986 0.000000 0.052716 0.000000 0.998610 0.426218 0.426218 0.426218
3277.583740 0.000000 2340.593018 0.000000 0.596171 0.000000 -0.802858 0.881131 0.881131 0.881131
3278.966553 0.000000 2342.118896 0.000000 0.020521 0.000000 -0.999789 1.252684 1.252684 1.252684
3274.144531 0.000000 2356.977051 0.000000 0.796530 0.000000 0.604599 0.582905 0.582905 0.582905
3270.656738 0.000000 2354.337402 0.000000 0.974370 0.000000 -0.224953 0.741555 0.741555 0.741555
3276.286865 0.000000 2351.122070 0.000000 0.967115 0.000000 -0.254338 0.791681 0.791681 0.791681
3275.045166 0.000000 2366.458008 0.000000 0.457558 0.000000 0.889180 0.309429 0.309429 0.309429
3278.395752 0.000000 2348.395996 0.000000 0.914998 0.000000 0.403459 0.551945 0.551945 0.551945
3273.916016 0.000000 2353.493896 0.000000 0.719213 0.000000 0.694790 0.440118 0.440118 0.440118
3267.281738 0.000000 2363.041260 0.000000 0.612295 0.000000 0.790629 0.582718 0.582718 0.582718
3283.363281 0.000000 2358.260254 0.000000 0.475364 0.000000 0.879789 0.542132 0.542132 0.542132
3275.847168 0.000000 2343.374023 0.000000 0.293349 0.000000 -0.956005 0.890442 0.890442 0.890442
3268.774902 0.000000 2360.354980 0.000000 0.632179 0.000000 0.774822 0.514106 0.514106 0.514106
3277.717041 0.000000 2356.533447 0.000000 0.493333 0.000000 0.869841 0.323928 0.323928 0.323928
3270.781738 0.000000 2367.281738 0.000000 0.550906 0.000000 -0.834568 0.803528 0.803528 0.803528
3280.566650 0.000000 2357.086670 0.000000 0.996234 0.000000 -0.086705 0.722818 0.722818 0.722818
3272.416260 0.000000 2339.139893 0.000000 0.805077 0.000000 -0.593170 0.819848 0.819848 0.819848
3276.050781 0.000000 2346.456299 0.000000 0.991054 0.000000 0.133460 0.653962 0.653962 0.653962
3272.199219 0.000000 2354.866699 0.000000 0.335251 0.000000 -0.942129 0.856349 0.856349 0.856349
3275.432373 0.000000 2338.229248 0.000000 0.948470 0.000000 0.316868 0.619763 0.619763 0.619763
3280.730469 0.000000 2354.565186 0.000000 0.092708 0.000000 -0.995693 1.183509 1.183509 1.183509
3275.310547 0.000000 2339.757568 0.000000 0.951358 0.000000 0.308087 0.622063 0.622063 0.622063
3268.821777 0.000000 2358.375977 0.000000 0.990139 0.000000 -0.140089 0.720239 0.720239 0.720239
3279.100098 0.000000 2353.284180 0.000000 0.483688 0.000000 0.875241 0.319987 0.319987 0.319987
3278.282227 0.000000 2358.931641 0.000000 0.346790 0.000000 -0.937943 1.133744 1.133744 1.133744
3278.279297 0.000000 2345.429688 0.000000 0.283703 0.000000 0.958912 0.292780 0.292780 0.292780
3276.750488 0.000000 2348.061523 0.000000 0.441207 0.000000 0.897406 0.302903 0.302903 0.302903
3277.638672 0.000000 2362.058350 0.000000 0.989415 0.000000 0.145116 0.648082 0.648082 0.648082
3273.629395 0.000000 2366.870850 0.000000 0.711419 0.000000 0.702768 0.422181 0.422181 0.422181
3276.101318 0.000000 2352.596191 0.000000 0.312213 0.000000 0.950012 0.253199 0.253199 0.253199
3283.040039 0.000000 2355.242676 0.000000 0.603149 0.000000 -0.797628 0.831673 0.831673 0.831673
3282.209229 0.000000 2359.761719 0.000000 0.627757 0.000000 0.778409 0.569038 0.569038 0.569038
3281.408691 0.000000 2349.283447 0.000000 0.388796 0.000000 -0.921324 1.025921 1.025921 1.025921
3279.467285 0.000000 2350.086670 0.000000 0.359772 0.000000 -0.933040 1.128797 1.128797 1.128797
3282.313965 0.000000 2357.191162 0.000000 0.945877 0.000000 0.324526 0.656103 0.656103 0.656103
3271.517578 0.000000 2358.815918 0.000000 0.628159 0.000000 0.778085 0.529225 0.529225 0.529225
3275.641113 0.000000 2359.658203 0.000000 0.529436 0.000000 -0.848350 0.988874 0.988874 0.988874
3276.327881 0.000000 2341.321289 0.000000 0.103763 0.000000 -0.994602 0.985054 0.985054 0.985054
3278.629150 0.000000 2366.182129 0.000000 0.961636 0.000000 -0.274327 0.785472 0.785472 0.785472
3277.191162 0.000000 2349.306396 0.000000 0.953463 0.000000 0.301510 0.590810 0.590810 0.590810
3278.222168 0.000000 2351.927246 0.000000 0.955697 0.000000 -0.294354 0.806517 0.806517 0.806517
3279.429688 0.000000 2347.540039 0.000000 0.703780 0.000000 0.710418 0.418326 0.418326 0.418326
3272.155762 0.000000 2365.209473 0.000000 0.696619 0.000000 0.717441 0.448310 0.448310 0.448310
3266.524902 0.000000 2365.936035 0.000000 0.019500 0.000000 0.999810 0.359496 0.359496 0.359496
3271.000977 0.000000 2365.996094 0.000000 0.031734 0.000000 -0.999496 0.996935 0.996935 0.996935
3275.920898 0.000000 2363.665283 0.000000 0.215300 0.000000 -0.976548 1.182638 1.182638 1.182638
3273.538330 0.000000 2363.138184 0.000000 0.946979 0.000000 -0.321297 0.808381 0.808381 0.808381
3279.493164 0.000000 2364.316406 0.000000 0.558177 0.000000 -0.829722 0.876493 0.876493 0.876493
3273.070068 0.000000 2337.932861 0.000000 0.515023 0.000000 0.857176 0.501325 0.501325 0.501325
3274.272217 0.000000 2345.844482 0.000000 0.711412 0.000000 -0.702775 0.942959 0.942959 0.942959
3280.322998 0.000000 2355.855225 0.000000 0.981200 0.000000 -0.192995 0.763537 0.763537 0.763537
3277.878174 0.000000 2343.469727 0.000000 0.772085 0.000000 0.635520 0.489142 0.489142 0.489142
3274.460938 0.000000 2348.392822 0.000000 0.295438 0.000000 0.955362 0.246922 0.246922 0.246922
3273.549805 0.000000 2352.312744 0.000000 0.668599 0.000000 0.743623 0.416317 0.416317 0.416317
3274.798828 0.000000 2364.203613 0.000000 0.175942 0.000000 0.984400 0.203053 0.203053 0.203053
3278.267334 0.000000 2354.164062 0.000000 0.910639 0.000000 0.413202 0.548140 0.548140 0.548140
3275.588135 0.000000 2347.764648 0.000000 0.970668 0.000000 -0.240422 0.774001 0.774001 0.774001
3279.186279 0.000000 2356.348877 0.000000 0.318084 0.000000 0.948063 0.255404 0.255404 0.255404
3277.051270 0.000000 2364.713135 0.000000 0.745113 0.000000 -0.666939 0.960283 0.960283 0.960283
3271.927002 0.000000 2357.557129 0.000000 0.471631 0.000000 0.881796 0.417736 0.417736 0.417736
3276.989502 0.000000 2345.702148 0.000000 0.928021 0.000000 -0.372527 0.818478 0.818478 0.818478
3278.135498 0.000000 2360.185059 0.000000 0.997766 0.000000 0.066811 0.683642 0.683642 0.683642
3280.890869 0.000000 2351.868408 0.000000 0.844168 0.000000 -0.536078 0.866902 0.866902 0.866902
3278.850098 0.000000 2346.517334 0.000000 0.213696 0.000000 -0.976900 1.183224 1.183224 1.183224
3276.464355 0.000000 2340.174561 0.000000 0.258473 0.000000 0.966018 0.445551 0.445551 0.445551
3281.883789 0.000000 2354.739502 0.000000 0.471119 0.000000 0.882070 0.346603 0.346603 0.346603
3276.228516 0.000000 2366.823486 0.000000 0.538507 0.000000 0.842621 0.342733 0.342733 0.342733
3279.758789 0.000000 2361.795410 0.000000 0.660610 0.000000 0.750729 0.492242 0.492242 0.492242
3275.282715 0.000000 2357.222168 0.000000 0.998022 0.000000 -0.062866 0.711345 0.711345 0.711345
3277.087646 0.000000 2351.941162 0.000000 0.931229 0.000000 0.364434 0.567014 0.567014 0.567014
3277.991211 0.000000 2367.371582 0.000000 0.772427 0.000000 0.635104 0.454672 0.454672 0.454672
3281.097900 0.000000 2359.559814 0.000000 0.737033 0.000000 -0.675857 0.851481 0.851481 0.851481
3279.862305 0.000000 2360.638916 0.000000 0.440963 0.000000 0.897525 0.427416 0.427416 0.427416
3274.118896 0.000000 2344.580078 0.000000 0.088979 0.000000 0.996033 0.238052 0.238052 0.238052
3280.070801 0.000000 2358.129883 0.000000 0.545225 0.000000 -0.838290 0.902921 0.902921 0.902921
3251.306396 0.000000 2404.256348 0.000000 0.899961 0.000000 0.435969 0.640715 0.640715 0.640715
3258.879150 0.000000 2394.014893 0.000000 0.993414 0.000000 -0.114577 0.721512 0.721512 0.721512
3261.039307 0.000000 2388.245605 0.000000 0.992792 0.000000 0.119850 0.674806 0.674806 0.674806
3256.303711 0.000000 2407.018066 0.000000 0.999402 0.000000 0.034573 0.690331 0.690331 0.690331
3257.913086 0.000000 2399.410889 0.000000 0.887051 0.000000 -0.461671 0.815395 0.815395 0.815395
3251.480225 0.000000 2409.128418 0.000000 0.622592 0.000000 -0.782547 1.020409 1.020409 1.020409
3261.390869 0.000000 2383.887939 0.000000 0.999931 0.000000 -0.011778 0.701136 0.701136 0.701136
3261.625244 0.000000 2397.323242 0.000000 0.788909 0.000000 0.614510 0.464076 0.464076 0.464076
3255.387207 0.000000 2402.713135 0.000000 0.735017 0.000000 -0.678048 0.860423 0.860423 0.860423
3255.897705 0.000000 2411.179932 0.000000 0.372912 0.000000 0.927867 0.600291 0.600291 0.600291
3249.038330 0.000000 2411.927490 0.000000 0.589613 0.000000 -0.807686 0.898487 0.898487 0.898487
3262.268555 0.000000 2391.737549 0.000000 0.997264 0.000000 0.073919 0.675692 0.675692 0.675692
3262.795410 0.000000 2374.324707 0.000000 0.828410 0.000000 0.560122 0.620205 0.620205 0.620205
3252.525879 0.000000 2401.234863 0.000000 0.635179 0.000000 0.772365 0.662984 0.662984 0.662984
3261.196777 0.000000 2400.504150 0.000000 0.941631 0.000000 -0.336646 0.822408 0.822408 0.822408
3262.466309 0.000000 2380.812744 0.000000 0.537495 0.000000 -0.843267 0.911812 0.911812 0.911812
3253.244141 0.000000 2406.674561 0.000000 0.075315 0.000000 0.997160 0.235868 0.235868 0.235868
3257.332764 0.000000 2396.595215 0.000000 0.362835 0.000000 0.931853 0.656399 0.656399 0.656399
3258.231201 0.000000 2402.615479 0.000000 0.872431 0.000000 0.488738 0.517952 0.517952 0.517952
3263.589111 0.000000 2389.291260 0.000000 0.904004 0.000000 -0.427524 0.811168 0.811168 0.811168
3254.200195 0.000000 2409.181885 0.000000 0.636582 0.000000 -0.771209 0.947498 0.947498 0.947498
3248.229248 0.000000 2409.438477 0.000000 0.223062 0.000000 0.974804 0.220198 0.220198 0.220198
3262.101074 0.000000 2394.478271 0.000000 0.763792 0.000000 0.645462 0.562671 0.562671 0.562671
3250.382812 0.000000 2406.622070 0.000000 0.691439 0.000000 -0.722434 0.975399 0.975399 0.975399
3252.853271 0.000000 2411.275146 0.000000 0.970698 0.000000 0.240305 0.668107 0.668107 0.668107
3256.752441 0.000000 2404.683350 0.000000 0.914697 0.000000 -0.404140 0.848321 0.848321 0.848321
3262.490723 0.000000 2386.014404 0.000000 0.893868 0.000000 -0.448330 0.742247 0.742247 0.742247
3263.509521 0.000000 2403.780029 0.000000 0.968263 0.000000 -0.249935 0.723662 0.723662 0.723662
3260.136719 0.000000 2386.063477 0.000000 0.844623 0.000000 -0.535362 0.730803 0.730803 0.730803
3260.263672 0.000000 2390.640869 0.000000 0.011106 0.000000 0.999938 0.490667 0.490667 0.490667
3253.598145 0.000000 2404.426514 0.000000 0.646104 0.000000 -0.763249 0.823826 0.823826 0.823826
3250.268555 0.000000 2402.244629 0.000000 0.749438 0.000000 -0.662075 0.736418 0.736418 0.736418
3259.695312 0.000000 2396.131592 0.000000 0.639596 0.000000 -0.768711 1.012594 1.012594 1.012594
3259.931885 0.000000 2398.736084 0.000000 0.605861 0.000000 0.795570 0.372032 0.372032 0.372032
3263.439209 0.000000 2382.782227 0.000000 0.947123 0.000000 -0.320871 0.747038 0.747038 0.747038
3262.924805 0.000000 2401.686523 0.000000 0.354052 0.000000 -0.935226 1.130980 1.130980 1.130980
3262.839355 0.000000 2399.017822 0.000000 0.734612 0.000000 0.678487 0.434152 0.434152 0.434152
3256.795898 0.000000 2401.166992 0.000000 0.857173 0.000000 0.515029 0.627384 0.627384 0.627384
3260.509033 0.000000 2392.838135 0.000000 0.723249 0.000000 0.690587 0.656304 0.656304 0.656304
3259.252441 0.000000 2400.887207 0.000000 0.758672 0.000000 -0.651473 0.883513 0.883513 0.883513
3250.858154 0.000000 2411.034424 0.000000 0.488581 0.000000 -0.872519 0.898644 0.898644 0.898644
3249.789795 0.000000 2408.406494 0.000000 0.208500 0.000000 -0.978022 1.185119 1.185119 1.185119
3255.013916 0.000000 2405.721436 0.000000 0.945956 0.000000 0.324296 0.605806 0.605806 0.605806
3258.892334 0.000000 2392.031982 0.000000 0.112023 0.000000 -0.993706 0.848857 0.848857 0.848857
3261.866455 0.000000 2389.898193 0.000000 0.966842 0.000000 0.255374 0.645846 0.645846 0.645846
3259.204834 0.000000 2404.187500 0.000000 0.641465 0.000000 -0.767152 0.775792 0.775792 0.775792
3253.636719 0.000000 2402.643799 0.000000 0.974115 0.000000 -0.226053 0.732198 0.732198 0.732198
3262.649658 0.000000 2387.757812 0.000000 0.854831 0.000000 -0.518906 0.749578 0.749578 0.749578
3262.981689 0.000000 2396.262451 0.000000 0.082693 0.000000 0.996575 0.169514 0.169514 0.169514
3263.028076 0.000000 2378.817383 0.000000 0.959544 0.000000 0.281558 0.663289 0.663289 0.663289
3258.502197 0.000000 2397.781006 0.000000 0.513192 0.000000 -0.858274 1.067878 1.067878 1.067878
3254.665771 0.000000 2407.557617 0.000000 0.686379 0.000000 -0.727244 0.907197 0.907197 0.907197
3256.853271 0.000000 2398.182617 0.000000 0.601589 0.000000 0.798806 0.477494 0.477494 0.477494
3251.766357 0.000000 2407.427490 0.000000 0.808811 0.000000 0.588068 0.485543 0.485543 0.485543
3251.849609 0.000000 2405.757812 0.000000 0.837507 0.000000 -0.546427 0.775972 0.775972 0.775972
3260.570557 0.000000 2405.155762 0.000000 0.993772 0.000000 0.111431 0.688916 0.688916 0.688916
3257.511719 0.000000 2406.069092 0.000000 0.553617 0.000000 0.832771 0.424834 0.424834 0.424834
3249.549805 0.000000 2410.216309 0.000000 0.989905 0.000000 0.141729 0.669979 0.669979 0.669979
3262.958740 0.000000 2377.082031 0.000000 0.867413 0.000000 0.497589 0.597333 0.597333 0.597333
3263.074707 0.000000 2393.265381 0.000000 0.645364 0.000000 0.763876 0.390089 0.390089 0.390089
3256.779785 0.000000 2403.210205 0.000000 0.878344 0.000000 0.478028 0.522314 0.522314 0.522314
3252.848389 0.000000 2408.584961 0.000000 0.794806 0.000000 -0.606864 0.875045 0.875045 0.875045
3263.553223 0.000000 2390.805420 0.000000 0.380714 0.000000 -0.924693 1.087759 1.087759 1.087759
3262.012695 0.000000 2382.465820 0.000000 0.417296 0.000000 -0.908771 0.864208 0.864208 0.864208
3255.093018 0.000000 2404.124756 0.000000 0.129720 0.000000 0.991551 0.289101 0.289101 0.289101
3258.459717 0.000000 2395.398926 0.000000 0.986969 0.000000 -0.160912 0.730277 0.730277 0.730277
3261.304199 0.000000 2399.069336 0.000000 0.162002 0.000000 -0.986790 1.093717 1.093717 1.093717
3255.373779 0.000000 2409.920898 0.000000 0.127718 0.000000 -0.991811 1.105423 1.105423 1.105423
3262.617432 0.000000 2400.354980 0.000000 0.400428 0.000000 -0.916328 1.113125 1.113125 1.113125
3260.187256 0.000000 2397.392822 0.000000 0.937812 0.000000 0.347145 0.573609 0.573609 0.573609
3256.454102 0.000000 2399.553467 0.000000 0.921541 0.000000 -0.388281 0.795890 0.795890 0.795890
3252.941650 0.000000 2409.918457 0.000000 0.988716 0.000000 0.149802 0.659637 0.659637 0.659637
3261.320312 0.000000 2385.238037 0.000000 0.710908 0.000000 -0.703285 0.879933 0.879933 0.879933
3257.897461 0.000000 2403.959717 0.000000 0.249605 0.000000 -0.968348 1.170063 1.170063 1.170063
3261.632324 0.000000 2401.736572 0.000000 0.630374 0.000000 -0.776292 1.016850 1.016850 1.016850
3259.468506 0.000000 2402.996094 0.000000 0.997032 0.000000 -0.076992 0.727476 0.727476 0.727476
3258.119629 0.000000 2401.339600 0.000000 0.978960 0.000000 -0.204055 0.753150 0.753150 0.753150
3260.556641 0.000000 2389.442627 0.000000 0.324300 0.000000 0.945954 0.439850 0.439850 0.439850
3262.818848 0.000000 2397.446533 0.000000 0.796490 0.000000 0.604651 0.468510 0.468510 0.468510
3260.035156 0.000000 2399.927979 0.000000 0.873855 0.000000 0.486186 0.558035 0.558035 0.558035
3248.391846 0.000000 2408.125488 0.000000 0.987013 0.000000 -0.160639 0.757518 0.757518 0.757518
3251.910645 0.000000 2410.517090 0.000000 0.197542 0.000000 -0.980294 0.957022 0.957022 0.957022
3248.499512 0.000000 2410.795166 0.000000 0.979927 0.000000 0.199355 0.657631 0.657631 0.657631
3258.604492 0.000000 2396.614990 0.000000 0.996341 0.000000 0.085462 0.669495 0.669495 0.669495
3256.299805 0.000000 2405.804688 0.000000 0.382298 0.000000 -0.924039 1.120149 1.120149 1.120149
3250.391357 0.000000 2409.423096 0.000000 0.992206 0.000000 0.124606 0.655461 0.655461 0.655461
3255.201660 0.000000 2408.612061 0.000000 0.232789 0.000000 0.972527 0.324610 0.324610 0.324610
3256.979492 0.000000 2407.974365 0.000000 0.999013 0.000000 -0.044423 0.712425 0.712425 0.712425
3265.104004 0.000000 2383.278320 0.000000 0.930424 0.000000 0.366486 0.605048 0.605048 0.605048
3274.983398 0.000000 2368.208740 0.000000 0.402149 0.000000 -0.915574 1.112455 1.112455 1.112455
3263.974365 0.000000 2370.715088 0.000000 0.159807 0.000000 0.987148 0.686198 0.686198 0.686198
3273.277100 0.000000 2377.667236 0.000000 0.747986 0.000000 -0.663715 0.958744 0.958744 0.958744
3263.832275 0.000000 2392.300537 0.000000 0.968449 0.000000 -0.249214 0.789793 0.789793 0.789793
3272.403076 0.000000 2387.750000 0.000000 0.822423 0.000000 -0.568877 0.843824 0.843824 0.843824
3270.390137 0.000000 2372.109375 0.000000 0.283079 0.000000 0.959097 0.242319 0.242319 0.242319
3275.459473 0.000000 2382.850586 0.000000 0.586083 0.000000 -0.810251 0.946950 0.946950 0.946950
3268.962891 0.000000 2391.748291 0.000000 0.610808 0.000000 -0.791779 0.781756 0.781756 0.781756
3270.426270 0.000000 2382.325439 0.000000 0.852957 0.000000 0.521981 0.504216 0.504216 0.504216
3266.364258 0.000000 2396.964111 0.000000 0.753690 0.000000 -0.657230 0.815300 0.815300 0.815300
3275.705078 0.000000 2373.028076 0.000000 0.050738 0.000000 -0.998712 1.241904 1.241904 1.241904
3265.946533 0.000000 2388.000244 0.000000 0.629194 0.000000 0.777249 0.382609 0.382609 0.382609
3267.770508 0.000000 2368.675537 0.000000 0.808043 0.000000 -0.589124 0.751083 0.751083 0.751083
3269.589600 0.000000 2378.593994 0.000000 0.795996 0.000000 0.605302 0.468219 0.468219 0.468219
3279.643799 0.000000 2374.977783 0.000000 0.178497 0.000000 0.983940 0.394606 0.394606 0.394606
3269.090088 0.000000 2385.744141 0.000000 0.635070 0.000000 -0.772454 1.014688 1.014688 1.014688
3263.722656 0.000000 2379.909424 0.000000 0.960979 0.000000 -0.276621 0.736050 0.736050 0.736050
3271.685547 0.000000 2368.759766 0.000000 0.269210 0.000000 0.963081 0.237174 0.237174 0.237174
3263.626465 0.000000 2374.105713 0.000000 0.968483 0.000000 0.249081 0.666214 0.666214 0.666214
3269.489502 0.000000 2375.317139 0.000000 0.993163 0.000000 0.116738 0.658287 0.658287 0.658287
3266.947021 0.000000 2380.484619 0.000000 0.962532 0.000000 -0.271167 0.797899 0.797899 0.797899
3264.133545 0.000000 2367.571777 0.000000 0.936091 0.000000 -0.351757 0.731157 0.731157 0.731157
3272.822510 0.000000 2374.321777 0.000000 0.303166 0.000000 -0.952938 1.148426 1.148426 1.148426
3272.749023 0.000000 2384.619873 0.000000 0.353250 0.000000 0.935529 0.432772 0.432772 0.432772
3266.566162 0.000000 2393.839844 0.000000 0.703950 0.000000 0.710250 0.544298 0.544298 0.544298
3263.676514 0.000000 2398.497314 0.000000 0.319084 0.000000 -0.947726 1.144220 1.144220 1.144220
3271.604004 0.000000 2393.543701 0.000000 0.387670 0.000000 0.921798 0.624583 0.624583 0.624583
3278.009277 0.000000 2368.989990 0.000000 0.867113 0.000000 -0.498112 0.826113 0.826113 0.826113
3276.087646 0.000000 2376.289307 0.000000 0.162802 0.000000 -0.986659 1.201700 1.201700 1.201700
3263.673096 0.000000 2385.999268 0.000000 0.783406 0.000000 0.621510 0.640929 0.640929 0.640929
3269.047852 0.000000 2395.526855 0.000000 0.575963 0.000000 0.817475 0.592962 0.592962 0.592962
3269.657227 0.000000 2388.862305 0.000000 0.932263 0.000000 0.361782 0.657045 0.657045 0.657045
3275.480713 0.000000 2379.706299 0.000000 0.430699 0.000000 -0.902496 1.101259 1.101259 1.101259
3263.651611 0.000000 2395.405518 0.000000 0.788787 0.000000 0.614667 0.570434 0.570434 0.570434
3273.263428 0.000000 2371.402344 0.000000 0.979979 0.000000 0.199102 0.648998 0.648998 0.648998
3272.742676 0.000000 2380.513916 0.000000 0.589744 0.000000 0.807590 0.420063 0.420063 0.420063
3267.835205 0.000000 2383.315918 0.000000 0.210470 0.000000 -0.977600 1.184400 1.184400 1.184400
3266.210938 0.000000 2390.722656 0.000000 0.021606 0.000000 -0.999767 1.079027 1.079027 1.079027
3278.149658 0.000000 2372.683350 0.000000 0.568353 0.000000 -0.822785 1.009366 1.009366 1.009366
3266.374512 0.000000 2385.559570 0.000000 0.925192 0.000000 -0.379499 0.805031 0.805031 0.805031
3275.881104 0.000000 2370.463623 0.000000 0.984965 0.000000 0.172753 0.638102 0.638102 0.638102
3268.134766 0.000000 2371.205078 0.000000 0.327085 0.000000 0.944995 0.334924 0.334924 0.334924
3265.891602 0.000000 2399.348877 0.000000 0.642454 0.000000 0.766324 0.519343 0.519343 0.519343
3263.673584 0.000000 2376.670898 0.000000 0.914867 0.000000 0.403756 0.618070 0.618070 0.618070
3269.075928 0.000000 2380.708008 0.000000 0.225948 0.000000 -0.974139 1.124301 1.124301 1.124301
3264.387451 0.000000 2389.440674 0.000000 0.613837 0.000000 0.789433 0.375620 0.375620 0.375620
3269.604980 0.000000 2369.654785 0.000000 0.068536 0.000000 -0.997649 0.794508 0.794508 0.794508
3268.098633 0.000000 2377.080322 0.000000 0.971868 0.000000 -0.235526 0.784763 0.784763 0.784763
3273.350098 0.000000 2382.510986 0.000000 0.524405 0.000000 0.851469 0.511989 0.511989 0.511989
3277.460693 0.000000 2380.453613 0.000000 0.891294 0.000000 -0.453426 0.806586 0.806586 0.806586
3265.527832 0.000000 2374.792480 0.000000 0.989003 0.000000 0.147897 0.670530 0.670530 0.670530
3277.619629 0.000000 2374.634521 0.000000 0.990958 0.000000 -0.134175 0.747979 0.747979 0.747979
3264.969727 0.000000 2372.506836 0.000000 0.878246 0.000000 -0.478208 0.812929 0.812929 0.812929
3267.633301 0.000000 2389.236084 0.000000 0.865303 0.000000 -0.501248 0.860021 0.860021 0.860021
3278.366699 0.000000 2376.491211 0.000000 0.740770 0.000000 0.671759 0.581574 0.581574 0.581574
3271.094971 0.000000 2386.017090 0.000000 0.662652 0.000000 -0.748928 0.944960 0.944960 0.944960
3271.592773 0.000000 2378.867920 0.000000 0.238680 0.000000 -0.971098 1.027208 1.027208 1.027208
3274.764893 0.000000 2374.820312 0.000000 0.974457 0.000000 0.224573 0.619249 0.619249 0.619249
3267.675537 0.000000 2387.065918 0.000000 0.871488 0.000000 0.490416 0.596092 0.596092 0.596092
3270.900391 0.000000 2373.970215 0.000000 0.039783 0.000000 -0.999208 1.245813 1.245813 1.245813
3268.966064 0.000000 2373.450684 0.000000 0.019245 0.000000 0.999815 0.146861 0.146861 0.146861
3265.830811 0.000000 2368.451904 0.000000 0.440314 0.000000 0.897844 0.531668 0.531668 0.531668
3265.047363 0.000000 2381.315186 0.000000 0.840575 0.000000 -0.541696 0.740817 0.740817 0.740817
3269.484863 0.000000 2393.573975 0.000000 0.988989 0.000000 0.147992 0.649953 0.649953 0.649953
3267.468750 0.000000 2375.087402 0.000000 0.920878 0.000000 0.389851 0.658009 0.658009 0.658009
3270.697754 0.000000 2384.169434 0.000000 0.108012 0.000000 0.994150 0.178582 0.178582 0.178582
3273.475342 0.000000 2369.426270 0.000000 0.055896 0.000000 0.998437 0.159938 0.159938 0.159938
3276.823242 0.000000 2367.516357 0.000000 0.940900 0.000000 0.338684 0.576820 0.576820 0.576820
3271.568604 0.000000 2370.634766 0.000000 0.542735 0.000000 -0.839904 1.055475 1.055475 1.055475
3278.384033 0.000000 2370.836914 0.000000 0.570136 0.000000 0.821550 0.389980 0.389980 0.389980
3276.332764 0.000000 2378.114746 0.000000 0.635367 0.000000 0.772210 0.402719 0.402719 0.402719
3277.257812 0.000000 2383.027100 0.000000 0.648141 0.000000 0.761520 0.616493 0.616493 0.616493
3265.423828 0.000000 2395.302734 0.000000 0.837066 0.000000 0.547101 0.627969 0.627969 0.627969
3264.610840 0.000000 2396.912354 0.000000 0.142284 0.000000 -0.989826 1.043394 1.043394 1.043394
3267.374268 0.000000 2378.731689 0.000000 0.440287 0.000000 -0.897857 1.097462 1.097462 1.097462
3270.257568 0.000000 2390.550781 0.000000 0.097938 0.000000 0.995193 0.294390 0.294390 0.294390
3270.902588 0.000000 2380.509277 0.000000 0.914157 0.000000 -0.405360 0.842961 0.842961 0.842961
3267.305176 0.000000 2392.197510 0.000000 0.287489 0.000000 -0.957784 0.952164 0.952164 0.952164
3275.872070 0.000000 2384.522705 0.000000 0.092733 0.000000 0.995691 0.414858 0.414858 0.414858
3272.102539 0.000000 2372.680420 0.000000 0.699303 0.000000 0.714826 0.519632 0.519632 0.519632
3271.509521 0.000000 2389.192627 0.000000 0.791538 0.000000 0.611119 0.539141 0.539141 0.539141
3274.494385 0.000000 2381.190674 0.000000 0.734123 0.000000 -0.679016 0.782440 0.782440 0.782440
3273.517578 0.000000 2375.989746 0.000000 0.542396 0.000000 -0.840123 1.054225 1.054225 1.054225
3265.630859 0.000000 2392.419922 0.000000 0.924638 0.000000 -0.380847 0.839292 0.839292 0.839292
3273.956543 0.000000 2372.941895 0.000000 0.541274 0.000000 0.840846 0.473775 0.473775 0.473775
3266.480469 0.000000 2382.221191 0.000000 0.676991 0.000000 -0.735991 0.994877 0.994877 0.994877
3264.147705 0.000000 2387.664551 0.000000 0.985758 0.000000 0.168168 0.639761 0.639761 0.639761
3273.285156 0.000000 2386.261719 0.000000 0.759034 0.000000 -0.651051 0.868501 0.868501 0.868501
3267.363281 0.000000 2395.367676 0.000000 0.527586 0.000000 -0.849502 0.944084 0.944084 0.944084
3263.847656 0.000000 2384.345703 0.000000 0.364931 0.000000 0.931034 0.594549 0.594549 0.594549
3264.607422 0.000000 2393.847656 0.000000 0.959299 0.000000 -0.282393 0.802064 0.802064 0.802064
3273.186523 0.000000 2389.330566 0.000000 0.898861 0.000000 0.438234 0.634042 0.634042 0.634042
3270.763672 0.000000 2387.675293 0.000000 0.738267 0.000000 0.674509 0.485757 0.485757 0.485757
3273.896484 0.000000 2379.362305 0.000000 0.929428 0.000000 0.369002 0.565263 0.565263 0.565263
3272.822021 0.000000 2367.563477 0.000000 0.952184 0.000000 0.305526 0.589308 0.589308 0.589308
3263.668457 0.000000 2382.424072 0.000000 0.455689 0.000000 -0.890139 0.858063 0.858063 0.858063
3274.874023 0.000000 2377.395508 0.000000 0.333639 0.000000 0.942701 0.261270 0.261270 0.261270
3264.413086 0.000000 2369.187256 0.000000 0.776994 0.000000 -0.629508 0.802813 0.802813 0.802813
3271.878906 0.000000 2383.111328 0.000000 0.971643 0.000000 -0.236452 0.785103 0.785103 0.785103
3276.766602 0.000000 2371.839844 0.000000 0.558589 0.000000 0.829444 0.351296 0.351296 0.351296
3264.325684 0.000000 2399.976318 0.000000 0.989951 0.000000 -0.141413 0.729359 0.729359 0.729359
3274.259521 0.000000 2384.066162 0.000000 0.076698 0.000000 0.997054 0.411753 0.411753 0.411753
3274.871582 0.000000 2371.685791 0.000000 0.766138 0.000000 -0.642676 0.948837 0.948837 0.948837
3276.281250 0.000000 2381.513916 0.000000 0.715043 0.000000 0.699081 0.524674 0.524674 0.524674
3279.294922 0.000000 2367.889648 0.000000 0.994708 0.000000 0.102747 0.668342 0.668342 0.668342
3271.782715 0.000000 2375.429199 0.000000 0.432900 0.000000 0.901442 0.542985 0.542985 0.542985
3267.724854 0.000000 2384.832031 0.000000 0.987908 0.000000 0.155040 0.657997 0.657997 0.657997
3269.165527 0.000000 2384.218018 0.000000 0.790563 0.000000 0.612380 0.465038 0.465038 0.465038
3267.955811 0.000000 2381.713623 0.000000 0.261150 0.000000 -0.965298 1.165806 1.165806 1.165806
3276.516846 0.000000 2368.986328 0.000000 0.970381 0.000000 0.241578 0.613015 0.613015 0.613015
3264.667236 0.000000 2390.915039 0.000000 0.740259 0.000000 -0.672322 0.962867 0.962867 0.962867
3265.298584 0.000000 2386.648682 0.000000 0.567851 0.000000 -0.823131 1.044708 1.044708 1.044708
3269.158447 0.000000 2387.415039 0.000000 0.843796 0.000000 -0.536664 0.860771 0.860771 0.860771
3269.536621 0.000000 2376.831055 0.000000 0.999766 0.000000 -0.021616 0.707707 0.707707 0.707707
3266.425781 0.000000 2383.953857 0.000000 0.493399 0.000000 -0.869803 1.076044 1.076044 1.076044
3271.790039 0.000000 2381.663330 0.000000 0.753029 0.000000 0.657987 0.454017 0.454017 0.454017
3266.917480 0.000000 2367.501465 0.000000 0.050787 0.000000 0.998709 0.491746 0.491746 0.491746
3265.212646 0.000000 2384.678467 0.000000 0.737326 0.000000 0.675537 0.435581 0.435581 0.435581
3276.268066 0.000000 2374.332764 0.000000 0.359669 0.000000 0.933080 0.271164 0.271164 0.271164
3279.476074 0.000000 2377.708252 0.000000 0.047189 0.000000 -0.998886 0.944959 0.944959 0.944959
3265.041992 0.000000 2398.249023 0.000000 0.952885 0.000000 0.303333 0.636232 0.636232 0.636232
3279.231934 0.000000 2373.666504 0.000000 0.878425 0.000000 -0.477881 0.859515 0.859515 0.859515
3269.091797 0.000000 2382.775146 0.000000 0.119528 0.000000 0.992831 0.182715 0.182715 0.182715
3264.217773 0.000000 2375.344238 0.000000 0.052404 0.000000 0.998626 0.398565 0.398565 0.398565
3274.489258 0.000000 2370.363770 0.000000 0.860408 0.000000 0.509605 0.509366 0.509366 0.509366
3277.206543 0.000000 2370.166748 0.000000 0.455102 0.000000 -0.890439 1.091555 1.091555 1.091555
3268.532471 0.000000 2379.443604 0.000000 0.773448 0.000000 0.633860 0.455246 0.455246 0.455246
3267.641113 0.000000 2390.892822 0.000000 0.021440 0.000000 0.999770 0.320932 0.320932 0.320932
3266.150635 0.000000 2389.305664 0.000000 0.994598 0.000000 0.103797 0.668308 0.668308 0.668308
3268.017090 0.000000 2372.522949 0.000000 0.993697 0.000000 -0.112102 0.740049 0.740049 0.740049
3269.461426 0.000000 2371.030518 0.000000 0.950745 0.000000 0.309975 0.607028 0.607028 0.607028
3279.387695 0.000000 2372.188721 0.000000 0.781009 0.000000 -0.624519 0.915951 0.915951 0.915951
3277.363281 0.000000 2377.315674 0.000000 0.347165 0.000000 -0.937804 1.133602 1.133602 1.133602
3277.114746 0.000000 2379.176758 0.000000 0.044796 0.000000 -0.998996 1.214156 1.214156 1.214156
3277.051270 0.000000 2373.266357 0.000000 0.714585 0.000000 -0.699549 0.976209 0.976209 0.976209
3270.413818 0.000000 2368.657715 0.000000 0.059987 0.000000 0.998199 0.161399 0.161399 0.161399
3267.041016 0.000000 2376.320801 0.000000 0.718899 0.000000 0.695115 0.511958 0.511958 0.511958
3272.344238 0.000000 2376.681396 0.000000 0.944789 0.000000 -0.327680 0.819019 0.819019 0.819019
3268.468018 0.000000 2392.900391 0.000000 0.999259 0.000000 0.038478 0.687032 0.687032 0.687032
3270.680908 0.000000 2378.048340 0.000000 0.933826 0.000000 0.357729 0.609983 0.609983 0.609983
3274.886475 0.000000 2378.635254 0.000000 0.964297 0.000000 0.264824 0.604448 0.604448 0.604448
3279.013916 0.000000 2369.788330 0.000000 0.639818 0.000000 -0.768526 0.912004 0.912004 0.912004
3271.748535 0.000000 2391.926514 0.000000 0.051482 0.000000 -0.998674 1.118442 1.118442 1.118442
3277.290283 0.000000 2375.859131 0.000000 0.177058 0.000000 0.984200 0.203457 0.203457 0.203457
3269.885254 0.000000 2379.794678 0.000000 0.367153 0.000000 -0.930160 1.125972 1.125972 1.125972
3272.796631 0.000000 2378.769775 0.000000 0.694771 0.000000 0.719231 0.413833 0.413833 0.413833
3275.337646 0.000000 2369.358154 0.000000 0.019687 0.000000 -0.999806 1.252981 1.252981 1.252981
3268.550049 0.000000 2374.582031 0.000000 0.515456 0.000000 -0.856916 1.066937 1.066937 1.066937
3273.860352 0.000000 2385.201416 0.000000 0.997812 0.000000 0.066111 0.685386 0.685386 0.685386
3266.368652 0.000000 2378.037842 0.000000 0.390136 0.000000 0.920757 0.282881 0.282881 0.282881
3264.790039 0.000000 2373.835449 0.000000 0.677728 0.000000 -0.735312 0.887107 0.887107 0.887107
3268.361328 0.000000 2375.890137 0.000000 0.602414 0.000000 -0.798184 1.029510 1.029510 1.029510
3270.068604 0.000000 2386.577148 0.000000 0.247746 0.000000 0.968825 0.317864 0.317864 0.317864
3277.532959 0.000000 2381.873535 0.000000 0.208901 0.000000 0.977937 0.391900 0.391900 0.391900
3267.167969 0.000000 2388.151611 0.000000 0.946779 0.000000 0.321883 0.600119 0.600119 0.600119
3271.612549 0.000000 2384.908691 0.000000 0.998318 0.000000 0.057975 0.679320 0.679320 0.679320
3273.813477 0.000000 2368.304443 0.000000 0.816199 0.000000 -0.577770 0.919606 0.919606 0.919606
3270.211914 0.000000 2385.233398 0.000000 0.761387 0.000000 0.648297 0.448539 0.448539 0.448539
3272.683838 0.000000 2370.259521 0.000000 0.328641 0.000000 0.944455 0.385519 0.385519 0.385519
3268.445068 0.000000 2378.183838 0.000000 0.705195 0.000000 -0.709013 0.980962 0.980962 0.980962
3269.112793 0.000000 2372.167480 0.000000 0.690932 0.000000 -0.722920 0.988064 0.988064 0.988064
3278.558594 0.000000 2375.352783 0.000000 0.295907 0.000000 0.955217 0.421154 0.421154 0.421154
3274.972412 0.000000 2375.958984 0.000000 0.294933 0.000000 -0.955518 1.153267 1.153267 1.153267
3270.800537 0.000000 2369.774658 0.000000 0.818685 0.000000 0.574243 0.481932 0.481932 0.481932
3272.213867 0.000000 2385.871094 0.000000 0.359743 0.000000 0.933052 0.434307 0.434307 0.434307
3267.512695 0.000000 2385.948730 0.000000 0.466328 0.000000 0.884612 0.407059 0.407059 0.407059
3266.396729 0.000000 2386.912842 0.000000 0.823838 0.000000 0.566826 0.577831 0.577831 0.577831
3272.064453 0.000000 2377.813477 0.000000 0.893573 0.000000 0.448919 0.534026 0.534026 0.534026
5540.533203 0.000000 3245.136475 0.000000 0.219747 0.000000 0.975557 0.613229 0.613229 0.613229
5564.598633 0.000000 3235.370605 0.000000 0.963940 0.000000 0.266120 0.689832 0.689832 0.689832
5556.848145 0.000000 3229.441650 0.000000 0.210876 0.000000 0.977513 0.551876 0.551876 0.551876
5548.544434 0.000000 3235.608398 0.000000 0.999040 0.000000 -0.043805 0.700674 0.700674 0.700674
5536.996094 0.000000 3240.087402 0.000000 0.982060 0.000000 -0.188570 0.728644 0.728644 0.728644
5560.022461 0.000000 3238.814941 0.000000 0.846679 0.000000 -0.532103 0.751772 0.751772 0.751772
5545.937012 0.000000 3247.053467 0.000000 0.771482 0.000000 0.636251 0.632510 0.632510 0.632510
5561.631836 0.000000 3231.207764 0.000000 0.991428 0.000000 0.130651 0.696703 0.696703 0.696703
5551.571289 0.000000 3247.417725 0.000000 0.786603 0.000000 -0.617459 0.828399 0.828399 0.828399
5555.199219 0.000000 3240.925293 0.000000 0.862092 0.000000 -0.506752 0.706687 0.706687 0.706687
5553.229980 0.000000 3231.904785 0.000000 0.511497 0.000000 0.859285 0.616166 0.616166 0.616166
5539.342285 0.000000 3236.359375 0.000000 0.940301 0.000000 -0.340345 0.717964 0.717964 0.717964
5544.742188 0.000000 3233.651855 0.000000 0.962004 0.000000 -0.273034 0.708506 0.708506 0.708506
5559.616699 0.000000 3242.976807 0.000000 0.185703 0.000000 0.982606 0.665171 0.665171 0.665171
5552.757324 0.000000 3243.724365 0.000000 0.636785 0.000000 0.771042 0.676612 0.676612 0.676612
5542.558594 0.000000 3247.916748 0.000000 0.022988 0.000000 0.999736 0.477114 0.477114 0.477114
5547.693359 0.000000 3232.291016 0.000000 0.763718 0.000000 -0.645550 0.758865 0.758865 0.758865
5548.715820 0.000000 3245.612793 0.000000 0.912156 0.000000 -0.409843 0.720073 0.720073 0.720073
5564.915527 0.000000 3232.301025 0.000000 0.231584 0.000000 0.972815 0.599055 0.599055 0.599055
5538.080078 0.000000 3243.247559 0.000000 0.995164 0.000000 -0.098230 0.721321 0.721321 0.721321
5548.623535 0.000000 3248.657227 0.000000 0.836677 0.000000 -0.547696 0.728362 0.728362 0.728362
5562.769043 0.000000 3237.839355 0.000000 0.999698 0.000000 0.024564 0.697390 0.697390 0.697390
5545.746094 0.000000 3236.552734 0.000000 0.347201 0.000000 0.937791 0.664293 0.664293 0.664293
5542.758789 0.000000 3235.775635 0.000000 0.601328 0.000000 -0.799002 0.733647 0.733647 0.733647
5561.051758 0.000000 3228.392090 0.000000 0.469896 0.000000 -0.882722 0.748390 0.748390 0.748390
5550.521973 0.000000 3232.335938 0.000000 0.053118 0.000000 -0.998588 0.901569 0.901569 0.901569
5561.744629 0.000000 3241.104736 0.000000 0.044726 0.000000 0.998999 0.580522 0.580522 0.580522
5539.790527 0.000000 3238.965088 0.000000 0.960094 0.000000 0.279678 0.668296 0.668296 0.668296
5556.572266 0.000000 3243.072021 0.000000 0.448132 0.000000 -0.893967 0.751032 0.751032 0.751032
5554.425293 0.000000 3229.758301 0.000000 0.697970 0.000000 -0.716127 0.780351 0.780351 0.780351
5551.137207 0.000000 3245.194092 0.000000 0.505514 0.000000 0.862819 0.503557 0.503557 0.503557
5559.054688 0.000000 3229.345947 0.000000 0.335394 0.000000 0.942078 0.605515 0.605515 0.605515
5544.508789 0.000000 3248.803223 0.000000 0.458691 0.000000 0.888596 0.592909 0.592909 0.592909
5541.400391 0.000000 3237.381592 0.000000 0.978709 0.000000 -0.205254 0.717341 0.717341 0.717341
5563.650879 0.000000 3230.532959 0.000000 0.848433 0.000000 -0.529303 0.747568 0.747568 0.747568
5553.957520 0.000000 3245.423828 0.000000 0.003727 0.000000 0.999993 0.524731 0.524731 0.524731
5554.577148 0.000000 3242.831299 0.000000 0.899336 0.000000 -0.437258 0.745554 0.745554 0.745554
5555.754395 0.000000 3231.175049 0.000000 0.846316 0.000000 -0.532680 0.765187 0.765187 0.765187
5541.872070 0.000000 3249.729736 0.000000 0.341808 0.000000 -0.939770 0.785419 0.785419 0.785419
5538.733887 0.000000 3240.905273 0.000000 0.889488 0.000000 0.456960 0.641613 0.641613 0.641613
5541.024414 0.000000 3246.914062 0.000000 0.995984 0.000000 -0.089534 0.715417 0.715417 0.715417
5549.666992 0.000000 3247.181885 0.000000 0.940904 0.000000 0.338674 0.664738 0.664738 0.664738
5536.998047 0.000000 3241.846680 0.000000 0.202624 0.000000 0.979257 0.493631 0.493631 0.493631
5560.001953 0.000000 3240.721436 0.000000 0.967104 0.000000 0.254380 0.679863 0.679863 0.679863
5562.923828 0.000000 3235.984375 0.000000 0.683246 0.000000 0.730188 0.629044 0.629044 0.629044
5561.730957 0.000000 3239.330566 0.000000 0.964899 0.000000 -0.262620 0.724520 0.724520 0.724520
5544.156250 0.000000 3247.154785 0.000000 0.999913 0.000000 -0.013224 0.701294 0.701294 0.701294
5544.488281 0.000000 3235.427002 0.000000 0.683110 0.000000 0.730316 0.630172 0.630172 0.630172
5538.197754 0.000000 3244.889648 0.000000 0.833642 0.000000 0.552306 0.581383 0.581383 0.581383
5548.444824 0.000000 3233.946777 0.000000 0.082727 0.000000 0.996572 0.554380 0.554380 0.554380
5555.342773 0.000000 3228.467041 0.000000 0.815041 0.000000 -0.579403 0.762208 0.762208 0.762208
5538.384766 0.000000 3239.486084 0.000000 0.179890 0.000000 0.983687 0.544544 0.544544 0.544544
5539.198242 0.000000 3242.244629 0.000000 0.738875 0.000000 -0.673843 0.860228 0.860228 0.860228
5543.177734 0.000000 3249.177490 0.000000 0.773989 0.000000 -0.633198 0.824621 0.824621 0.824621
5539.409668 0.000000 3244.373291 0.000000 0.122294 0.000000 -0.992494 0.993578 0.993578 0.993578
5550.037109 0.000000 3245.909668 0.000000 0.963641 0.000000 -0.267201 0.751051 0.751051 0.751051
5542.920410 0.000000 3246.652832 0.000000 0.993414 0.000000 -0.114579 0.716536 0.716536 0.716536
5551.774902 0.000000 3246.232178 0.000000 0.885286 0.000000 -0.465046 0.793319 0.793319 0.793319
5551.588867 0.000000 3244.090820 0.000000 0.153264 0.000000 0.988185 0.432571 0.432571 0.432571
5536.934570 0.000000 3243.078613 0.000000 0.999882 0.000000 0.015330 0.696614 0.696614 0.696614
"}
