object={
	name="tree_pine_01_a_generator_1_0"
	clamp_to_water_level=no
	render_under_water=no
	generated_content=yes
	layer="tree_high_layer"
	pdxmesh="tree_pine_single_01_a_mesh"
	count=28
	transform="3396.854736 0.000000 2153.158691 0.000000 0.451399 0.000000 0.892322 1.000000 1.000000 1.000000
3396.994873 0.000000 2161.777588 0.000000 0.001082 0.000000 0.999999 1.000000 1.000000 1.000000
3421.978760 0.000000 2142.804932 0.000000 0.776969 0.000000 0.629539 1.000000 1.000000 1.000000
3419.895996 0.000000 2146.200439 0.000000 0.857495 0.000000 0.514492 1.000000 1.000000 1.000000
3409.775391 0.000000 2147.686035 0.000000 0.441264 0.000000 0.897378 1.000000 1.000000 1.000000
3414.974365 0.000000 2149.778809 0.000000 0.174310 0.000000 0.984691 1.000000 1.000000 1.000000
3406.710693 0.000000 2146.457764 0.000000 0.730668 0.000000 0.682733 1.000000 1.000000 1.000000
3405.048096 0.000000 2152.551758 0.000000 0.038127 0.000000 0.999273 1.000000 1.000000 1.000000
3395.339600 0.000000 2160.823242 0.000000 0.117159 0.000000 0.993113 1.000000 1.000000 1.000000
3418.284424 0.000000 2149.553223 0.000000 0.399818 0.000000 0.916595 1.000000 1.000000 1.000000
3397.970215 0.000000 2154.522705 0.000000 0.766780 0.000000 0.641910 1.000000 1.000000 1.000000
3415.023438 0.000000 2144.537598 0.000000 0.650080 0.000000 0.759866 1.000000 1.000000 1.000000
3409.921143 0.000000 2149.807129 0.000000 0.456981 0.000000 0.889476 1.000000 1.000000 1.000000
3405.862549 0.000000 2151.516602 0.000000 0.627314 0.000000 0.778766 1.000000 1.000000 1.000000
3407.823975 0.000000 2149.420166 0.000000 0.288143 0.000000 0.957587 1.000000 1.000000 1.000000
3419.755371 0.000000 2144.694092 0.000000 0.118042 0.000000 0.993009 1.000000 1.000000 1.000000
3410.740723 0.000000 2147.258301 0.000000 0.750237 0.000000 0.661169 1.000000 1.000000 1.000000
3399.029297 0.000000 2154.213623 0.000000 0.645207 0.000000 0.764008 1.000000 1.000000 1.000000
3453.463379 0.000000 2220.941406 0.000000 0.149000 0.000000 0.988837 1.000000 1.000000 1.000000
3463.745361 0.000000 2204.793213 0.000000 0.613716 0.000000 0.789527 1.000000 1.000000 1.000000
3473.659668 0.000000 2227.912842 0.000000 0.149272 0.000000 0.988796 1.000000 1.000000 1.000000
3459.835693 0.000000 2222.829834 0.000000 0.839749 0.000000 0.542974 1.000000 1.000000 1.000000
3469.562012 0.000000 2225.128174 0.000000 0.669285 0.000000 0.743005 1.000000 1.000000 1.000000
3463.359375 0.000000 2207.587402 0.000000 0.661471 0.000000 0.749971 1.000000 1.000000 1.000000
3464.367432 0.000000 2203.061523 0.000000 0.207510 0.000000 0.978233 1.000000 1.000000 1.000000
3472.707031 0.000000 2226.596436 0.000000 0.013832 0.000000 0.999904 1.000000 1.000000 1.000000
3462.997803 0.000000 2206.135986 0.000000 0.514392 0.000000 0.857555 1.000000 1.000000 1.000000
3464.938965 0.000000 2204.195068 0.000000 0.670751 0.000000 0.741683 1.000000 1.000000 1.000000
"}
object={
	name="tree_pine_01_a_generator_1_1"
	clamp_to_water_level=no
	render_under_water=no
	generated_content=yes
	layer="tree_high_layer"
	pdxmesh="tree_pine_single_01_b_mesh"
	count=23
	transform="3406.954590 0.000000 2152.144287 0.000000 0.981865 0.000000 0.189583 1.000000 1.000000 1.000000
3396.270508 0.000000 2156.005371 0.000000 0.905545 0.000000 -0.424251 1.000000 1.000000 1.000000
3399.079346 0.000000 2153.151611 0.000000 0.999999 0.000000 0.001731 1.000000 1.000000 1.000000
3397.333740 0.000000 2157.814697 0.000000 0.972228 0.000000 0.234037 1.000000 1.000000 1.000000
3418.818848 0.000000 2147.721924 0.000000 0.995923 0.000000 -0.090203 1.000000 1.000000 1.000000
3418.767822 0.000000 2145.192627 0.000000 0.999679 0.000000 0.025337 1.000000 1.000000 1.000000
3412.852539 0.000000 2146.463379 0.000000 0.972777 0.000000 -0.231743 1.000000 1.000000 1.000000
3412.458496 0.000000 2148.732910 0.000000 0.983050 0.000000 -0.183339 1.000000 1.000000 1.000000
3423.361328 0.000000 2146.591797 0.000000 0.950501 0.000000 0.310721 1.000000 1.000000 1.000000
3410.932129 0.000000 2148.412109 0.000000 0.939480 0.000000 -0.342604 1.000000 1.000000 1.000000
3416.581299 0.000000 2146.350098 0.000000 0.981943 0.000000 -0.189178 1.000000 1.000000 1.000000
3417.557129 0.000000 2145.277588 0.000000 0.970470 0.000000 0.241222 1.000000 1.000000 1.000000
3401.087646 0.000000 2150.887939 0.000000 0.994072 0.000000 -0.108723 1.000000 1.000000 1.000000
3406.562500 0.000000 2149.155029 0.000000 0.993880 0.000000 0.110464 1.000000 1.000000 1.000000
3409.922607 0.000000 2148.740479 0.000000 0.997863 0.000000 -0.065337 1.000000 1.000000 1.000000
3412.778809 0.000000 2147.777832 0.000000 0.989620 0.000000 0.143711 1.000000 1.000000 1.000000
3452.043701 0.000000 2219.278320 0.000000 0.948596 0.000000 -0.316488 1.000000 1.000000 1.000000
3455.175293 0.000000 2222.319092 0.000000 0.968554 0.000000 0.248804 1.000000 1.000000 1.000000
3455.011963 0.000000 2220.804199 0.000000 0.972969 0.000000 -0.230935 1.000000 1.000000 1.000000
3465.377686 0.000000 2206.882812 0.000000 0.967881 0.000000 -0.251408 1.000000 1.000000 1.000000
3457.544189 0.000000 2224.366455 0.000000 0.966945 0.000000 0.254986 1.000000 1.000000 1.000000
3456.805176 0.000000 2215.515869 0.000000 0.982886 0.000000 0.184217 1.000000 1.000000 1.000000
3471.076660 0.000000 2225.315430 0.000000 0.936112 0.000000 0.351703 1.000000 1.000000 1.000000
"}
object={
	name="tree_pine_01_a_generator_1_2"
	clamp_to_water_level=no
	render_under_water=no
	generated_content=yes
	layer="tree_high_layer"
	pdxmesh="tree_pine_single_01_c_mesh"
	count=32
	transform="3422.302002 0.000000 2147.293213 0.000000 0.234682 0.000000 -0.972072 1.000000 1.000000 1.000000
3416.993164 0.000000 2148.215088 0.000000 0.229867 0.000000 -0.973222 1.000000 1.000000 1.000000
3404.755615 0.000000 2147.087402 0.000000 0.477534 0.000000 -0.878613 1.000000 1.000000 1.000000
3408.847412 0.000000 2150.453613 0.000000 0.811303 0.000000 -0.584626 1.000000 1.000000 1.000000
3397.886963 0.000000 2159.863770 0.000000 0.255529 0.000000 -0.966801 1.000000 1.000000 1.000000
3402.191650 0.000000 2151.258789 0.000000 0.822279 0.000000 -0.569084 1.000000 1.000000 1.000000
3398.307129 0.000000 2156.304199 0.000000 0.132884 0.000000 -0.991132 1.000000 1.000000 1.000000
3411.767334 0.000000 2147.446777 0.000000 0.293620 0.000000 -0.955922 1.000000 1.000000 1.000000
3420.827393 0.000000 2144.632080 0.000000 0.271847 0.000000 -0.962341 1.000000 1.000000 1.000000
3403.831543 0.000000 2151.420898 0.000000 0.643253 0.000000 -0.765654 1.000000 1.000000 1.000000
3421.413574 0.000000 2146.037109 0.000000 0.064482 0.000000 -0.997919 1.000000 1.000000 1.000000
3408.342529 0.000000 2147.131592 0.000000 0.479441 0.000000 -0.877574 1.000000 1.000000 1.000000
3410.044922 0.000000 2146.418457 0.000000 0.701547 0.000000 -0.712623 1.000000 1.000000 1.000000
3402.256592 0.000000 2153.891357 0.000000 0.266924 0.000000 -0.963718 1.000000 1.000000 1.000000
3401.132568 0.000000 2151.986816 0.000000 0.233208 0.000000 -0.972427 1.000000 1.000000 1.000000
3404.448730 0.000000 2148.221436 0.000000 0.847496 0.000000 -0.530802 1.000000 1.000000 1.000000
3398.808105 0.000000 2155.294922 0.000000 0.621209 0.000000 -0.783645 1.000000 1.000000 1.000000
3417.807617 0.000000 2147.491943 0.000000 0.190769 0.000000 -0.981635 1.000000 1.000000 1.000000
3455.205811 0.000000 2219.178467 0.000000 0.132797 0.000000 -0.991143 1.000000 1.000000 1.000000
3455.062256 0.000000 2216.321045 0.000000 0.366135 0.000000 -0.930562 1.000000 1.000000 1.000000
3458.040527 0.000000 2212.165771 0.000000 0.288895 0.000000 -0.957361 1.000000 1.000000 1.000000
3472.589355 0.000000 2225.051270 0.000000 0.780754 0.000000 -0.624838 1.000000 1.000000 1.000000
3455.686768 0.000000 2219.462402 0.000000 0.690101 0.000000 -0.723713 1.000000 1.000000 1.000000
3458.607666 0.000000 2210.142822 0.000000 0.365325 0.000000 -0.930880 1.000000 1.000000 1.000000
3461.873535 0.000000 2209.033691 0.000000 0.416935 0.000000 -0.908936 1.000000 1.000000 1.000000
3459.331787 0.000000 2224.807617 0.000000 0.614115 0.000000 -0.789217 1.000000 1.000000 1.000000
3465.819092 0.000000 2205.108643 0.000000 0.720652 0.000000 -0.693297 1.000000 1.000000 1.000000
3459.869629 0.000000 2211.956543 0.000000 0.229485 0.000000 -0.973312 1.000000 1.000000 1.000000
3459.031982 0.000000 2213.599609 0.000000 0.405769 0.000000 -0.913976 1.000000 1.000000 1.000000
3462.166992 0.000000 2204.770508 0.000000 0.380691 0.000000 -0.924702 1.000000 1.000000 1.000000
3468.077881 0.000000 2224.627441 0.000000 0.069248 0.000000 -0.997599 1.000000 1.000000 1.000000
3261.781494 0.000000 2393.073242 0.000000 0.822971 0.000000 -0.568083 1.000000 1.000000 1.000000
"}
