object={
	name="tree_pine_impassable_01_a_generator_1_0"
	clamp_to_water_level=no
	render_under_water=no
	generated_content=yes
	layer="tree_high_layer"
	pdxmesh="tree_pine_impassable_01_a_mesh"
	count=207
	transform="2799.942383 0.000000 2517.333984 0.000000 0.856157 0.000000 0.516716 0.400000 0.400000 0.400000
2808.304443 0.000000 2547.744873 0.000000 0.687863 0.000000 0.725841 0.400000 0.400000 0.400000
2803.361084 0.000000 2532.225098 0.000000 0.182954 0.000000 0.983121 0.400000 0.400000 0.400000
2797.307617 0.000000 2547.845947 0.000000 0.496822 0.000000 -0.867853 0.400000 0.400000 0.400000
2812.215332 0.000000 2556.111328 0.000000 0.736305 0.000000 -0.676649 0.400000 0.400000 0.400000
2812.121826 0.000000 2539.200195 0.000000 0.247023 0.000000 0.969010 0.400000 0.400000 0.400000
2802.026123 0.000000 2555.783203 0.000000 0.896413 0.000000 0.443220 0.400000 0.400000 0.400000
2804.337646 0.000000 2541.709961 0.000000 0.280830 0.000000 0.959758 0.400000 0.400000 0.400000
2790.616211 0.000000 2547.779053 0.000000 0.997496 0.000000 0.070717 0.400000 0.400000 0.400000
2813.831543 0.000000 2546.476807 0.000000 0.235456 0.000000 0.971885 0.400000 0.400000 0.400000
2794.272949 0.000000 2543.225342 0.000000 0.498069 0.000000 -0.867137 0.400000 0.400000 0.400000
2777.071289 0.000000 2532.121338 0.000000 0.075835 0.000000 0.997120 0.400000 0.400000 0.400000
2815.022949 0.000000 2551.460449 0.000000 0.733367 0.000000 -0.679833 0.400000 0.400000 0.400000
2799.906982 0.000000 2543.589600 0.000000 0.681751 0.000000 -0.731585 0.400000 0.400000 0.400000
2786.759033 0.000000 2520.999756 0.000000 0.134123 0.000000 0.990965 0.400000 0.400000 0.400000
2792.822998 0.000000 2525.545410 0.000000 0.639393 0.000000 0.768880 0.400000 0.400000 0.400000
2803.534912 0.000000 2537.097168 0.000000 0.781534 0.000000 -0.623862 0.400000 0.400000 0.400000
2779.232910 0.000000 2527.640869 0.000000 0.980455 0.000000 -0.196743 0.400000 0.400000 0.400000
2797.084961 0.000000 2521.260742 0.000000 0.771764 0.000000 0.635909 0.400000 0.400000 0.400000
2782.390625 0.000000 2539.584717 0.000000 0.053576 0.000000 -0.998564 0.400000 0.400000 0.400000
2784.750488 0.000000 2527.649902 0.000000 0.543484 0.000000 0.839419 0.400000 0.400000 0.400000
2787.677979 0.000000 2532.531250 0.000000 0.873019 0.000000 -0.487686 0.400000 0.400000 0.400000
2793.078125 0.000000 2529.823730 0.000000 0.806186 0.000000 0.591663 0.400000 0.400000 0.400000
2788.951172 0.000000 2524.430420 0.000000 0.899589 0.000000 0.436737 0.400000 0.400000 0.400000
2781.759766 0.000000 2534.963135 0.000000 0.987700 0.000000 0.156359 0.400000 0.400000 0.400000
2788.946533 0.000000 2537.669922 0.000000 0.996781 0.000000 -0.080177 0.400000 0.400000 0.400000
2836.622559 0.000000 2554.437012 0.000000 0.626905 0.000000 -0.779096 0.400000 0.400000 0.400000
2817.632324 0.000000 2538.402100 0.000000 0.462640 0.000000 -0.886546 0.400000 0.400000 0.400000
2852.861328 0.000000 2541.308350 0.000000 0.951541 0.000000 0.307523 0.400000 0.400000 0.400000
2821.218018 0.000000 2553.946533 0.000000 0.071519 0.000000 -0.997439 0.400000 0.400000 0.400000
2832.097412 0.000000 2540.748779 0.000000 0.990516 0.000000 0.137396 0.400000 0.400000 0.400000
2858.641602 0.000000 2503.337158 0.000000 0.964625 0.000000 0.263625 0.400000 0.400000 0.400000
2849.445557 0.000000 2516.302490 0.000000 0.896151 0.000000 0.443749 0.400000 0.400000 0.400000
2874.067139 0.000000 2508.916016 0.000000 0.981132 0.000000 -0.193337 0.400000 0.400000 0.400000
2861.299805 0.000000 2547.845947 0.000000 0.999004 0.000000 -0.044617 0.400000 0.400000 0.400000
2876.207520 0.000000 2556.111328 0.000000 0.538406 0.000000 0.842685 0.400000 0.400000 0.400000
2824.217529 0.000000 2545.258789 0.000000 0.713342 0.000000 -0.700816 0.400000 0.400000 0.400000
2865.415283 0.000000 2508.872314 0.000000 0.783370 0.000000 -0.621556 0.400000 0.400000 0.400000
2816.157471 0.000000 2546.507324 0.000000 0.872942 0.000000 0.487823 0.400000 0.400000 0.400000
2829.083984 0.000000 2551.838623 0.000000 0.961600 0.000000 -0.274455 0.400000 0.400000 0.400000
2846.590088 0.000000 2523.649902 0.000000 0.628162 0.000000 -0.778082 0.400000 0.400000 0.400000
2876.926514 0.000000 2531.542480 0.000000 0.985475 0.000000 -0.169820 0.400000 0.400000 0.400000
2868.329834 0.000000 2541.709961 0.000000 0.748128 0.000000 0.663554 0.400000 0.400000 0.400000
2846.372314 0.000000 2531.199463 0.000000 0.868209 0.000000 -0.496198 0.400000 0.400000 0.400000
2815.758545 0.000000 2556.462158 0.000000 0.838709 0.000000 0.544580 0.400000 0.400000 0.400000
2833.737793 0.000000 2547.834717 0.000000 0.953979 0.000000 -0.299873 0.400000 0.400000 0.400000
2849.323975 0.000000 2536.259277 0.000000 0.579754 0.000000 0.814792 0.400000 0.400000 0.400000
2826.018311 0.000000 2557.088623 0.000000 0.165996 0.000000 0.986126 0.400000 0.400000 0.400000
2832.029053 0.000000 2557.531982 0.000000 0.177258 0.000000 -0.984164 0.400000 0.400000 0.400000
2858.265137 0.000000 2543.225342 0.000000 0.309196 0.000000 -0.950998 0.400000 0.400000 0.400000
2821.234131 0.000000 2559.328369 0.000000 0.981559 0.000000 0.191160 0.400000 0.400000 0.400000
2820.567871 0.000000 2548.811523 0.000000 0.903639 0.000000 0.428295 0.400000 0.400000 0.400000
2863.899170 0.000000 2543.589600 0.000000 0.013711 0.000000 0.999906 0.400000 0.400000 0.400000
2854.142822 0.000000 2516.064209 0.000000 0.005345 0.000000 -0.999986 0.400000 0.400000 0.400000
2866.710449 0.000000 2514.120117 0.000000 0.191485 0.000000 -0.981495 0.400000 0.400000 0.400000
2852.943359 0.000000 2524.430420 0.000000 0.370701 0.000000 0.928752 0.400000 0.400000 0.400000
2871.944580 0.000000 2539.148682 0.000000 0.953889 0.000000 0.300159 0.400000 0.400000 0.400000
2865.355957 0.000000 2523.774170 0.000000 0.416884 0.000000 -0.908960 0.400000 0.400000 0.400000
2871.274414 0.000000 2522.549316 0.000000 0.997829 0.000000 0.065855 0.400000 0.400000 0.400000
2852.938721 0.000000 2537.669922 0.000000 0.999103 0.000000 0.042341 0.400000 0.400000 0.400000
2864.177734 0.000000 2531.230957 0.000000 0.979123 0.000000 0.203269 0.400000 0.400000 0.400000
2868.572754 0.000000 2529.203613 0.000000 0.334861 0.000000 -0.942267 0.400000 0.400000 0.400000
2860.020996 0.000000 2528.462891 0.000000 0.979881 0.000000 -0.199584 0.400000 0.400000 0.400000
2867.869629 0.000000 2517.119873 0.000000 0.303570 0.000000 0.952809 0.400000 0.400000 0.400000
2849.664795 0.000000 2524.557617 0.000000 0.173226 0.000000 -0.984882 0.400000 0.400000 0.400000
2864.196777 0.000000 2520.547119 0.000000 0.971269 0.000000 0.237985 0.400000 0.400000 0.400000
2859.365723 0.000000 2514.067627 0.000000 0.775050 0.000000 -0.631900 0.400000 0.400000 0.400000
2870.886963 0.000000 2519.171875 0.000000 0.975603 0.000000 0.219541 0.400000 0.400000 0.400000
2869.291016 0.000000 2534.643311 0.000000 0.307408 0.000000 0.951578 0.400000 0.400000 0.400000
2858.233643 0.000000 2522.826904 0.000000 0.394364 0.000000 0.918954 0.400000 0.400000 0.400000
2853.276855 0.000000 2518.989014 0.000000 0.111810 0.000000 -0.993730 0.400000 0.400000 0.400000
2858.073730 0.000000 2532.724609 0.000000 0.928346 0.000000 -0.371717 0.400000 0.400000 0.400000
2855.086914 0.000000 2531.947510 0.000000 0.279219 0.000000 0.960227 0.400000 0.400000 0.400000
2873.379639 0.000000 2524.563965 0.000000 0.489540 0.000000 0.871981 0.400000 0.400000 0.400000
2856.132324 0.000000 2518.072021 0.000000 0.799650 0.000000 -0.600466 0.400000 0.400000 0.400000
2871.181885 0.000000 2527.796143 0.000000 0.785610 0.000000 0.618721 0.400000 0.400000 0.400000
2858.563232 0.000000 2520.007568 0.000000 0.403852 0.000000 -0.914824 0.400000 0.400000 0.400000
2862.849609 0.000000 2528.507812 0.000000 0.141969 0.000000 -0.989871 0.400000 0.400000 0.400000
2867.856934 0.000000 2523.087891 0.000000 0.850195 0.000000 0.526467 0.400000 0.400000 0.400000
2862.753418 0.000000 2523.213135 0.000000 0.637515 0.000000 0.770438 0.400000 0.400000 0.400000
2885.210205 0.000000 2553.946533 0.000000 0.732498 0.000000 0.680769 0.400000 0.400000 0.400000
2879.750732 0.000000 2556.462158 0.000000 0.403439 0.000000 0.915006 0.400000 0.400000 0.400000
2885.226318 0.000000 2559.328369 0.000000 0.181917 0.000000 0.983314 0.400000 0.400000 0.400000
2806.717529 0.000000 2560.127197 0.000000 0.807308 0.000000 -0.590131 0.400000 0.400000 0.400000
2813.311523 0.000000 2560.181641 0.000000 0.999170 0.000000 0.040729 0.400000 0.400000 0.400000
2870.709717 0.000000 2560.127197 0.000000 0.991802 0.000000 -0.127787 0.400000 0.400000 0.400000
2827.038086 0.000000 2560.161865 0.000000 0.954857 0.000000 -0.297066 0.400000 0.400000 0.400000
2874.067139 0.000000 2572.900391 0.000000 0.541212 0.000000 -0.840886 0.400000 0.400000 0.400000
2816.029053 0.000000 2562.668213 0.000000 0.991141 0.000000 0.132812 0.400000 0.400000 0.400000
2825.331787 0.000000 2569.620361 0.000000 0.767435 0.000000 -0.641127 0.400000 0.400000 0.400000
2837.230957 0.000000 2559.729004 0.000000 0.652351 0.000000 -0.757917 0.400000 0.400000 0.400000
2875.320801 0.000000 2565.752441 0.000000 0.877518 0.000000 -0.479543 0.400000 0.400000 0.400000
2868.540527 0.000000 2566.678223 0.000000 0.630537 0.000000 -0.776159 0.400000 0.400000 0.400000
2822.444824 0.000000 2564.062500 0.000000 0.992926 0.000000 -0.118734 0.400000 0.400000 0.400000
2877.303711 0.000000 2560.181641 0.000000 0.909197 0.000000 -0.416366 0.400000 0.400000 0.400000
2891.030273 0.000000 2560.161865 0.000000 0.999171 0.000000 -0.040709 0.400000 0.400000 0.400000
2880.021240 0.000000 2562.668213 0.000000 0.297942 0.000000 -0.954584 0.400000 0.400000 0.400000
2889.323975 0.000000 2569.620361 0.000000 0.971157 0.000000 0.238439 0.400000 0.400000 0.400000
2888.449951 0.000000 2579.703125 0.000000 0.321617 0.000000 -0.946870 0.400000 0.400000 0.400000
2891.506348 0.000000 2574.803711 0.000000 0.997516 0.000000 -0.070436 0.400000 0.400000 0.400000
3397.147705 0.000000 2170.040283 0.000000 0.479012 0.000000 -0.877809 0.400000 0.400000 0.400000
3418.555664 0.000000 2153.289795 0.000000 0.912370 0.000000 0.409367 0.400000 0.400000 0.400000
3399.843018 0.000000 2154.976807 0.000000 0.644942 0.000000 0.764231 0.400000 0.400000 0.400000
3425.253662 0.000000 2152.353027 0.000000 0.891103 0.000000 -0.453801 0.400000 0.400000 0.400000
3401.947998 0.000000 2173.182373 0.000000 0.128349 0.000000 0.991729 0.400000 0.400000 0.400000
3417.839355 0.000000 2157.869873 0.000000 0.831875 0.000000 -0.554963 0.400000 0.400000 0.400000
3416.782227 0.000000 2171.569092 0.000000 0.257916 0.000000 0.966167 0.400000 0.400000 0.400000
3424.672363 0.000000 2143.743652 0.000000 0.730416 0.000000 -0.683002 0.400000 0.400000 0.400000
3427.599854 0.000000 2148.625000 0.000000 0.458832 0.000000 0.888523 0.400000 0.400000 0.400000
3413.356689 0.000000 2165.830566 0.000000 0.979942 0.000000 0.199284 0.400000 0.400000 0.400000
3414.069336 0.000000 2174.191895 0.000000 0.975489 0.000000 -0.220049 0.400000 0.400000 0.400000
3420.296387 0.000000 2170.181152 0.000000 0.090422 0.000000 -0.995903 0.400000 0.400000 0.400000
3403.186523 0.000000 2153.065186 0.000000 0.798883 0.000000 -0.601487 0.400000 0.400000 0.400000
3405.207275 0.000000 2171.504395 0.000000 0.707661 0.000000 0.706552 0.400000 0.400000 0.400000
3400.491943 0.000000 2170.131104 0.000000 0.659093 0.000000 0.752061 0.400000 0.400000 0.400000
3399.168945 0.000000 2158.132812 0.000000 0.443020 0.000000 0.896512 0.400000 0.400000 0.400000
3423.789551 0.000000 2175.233643 0.000000 0.920707 0.000000 0.390253 0.400000 0.400000 0.400000
3419.880127 0.000000 2148.815674 0.000000 0.922294 0.000000 0.386489 0.400000 0.400000 0.400000
3419.762939 0.000000 2155.485596 0.000000 0.937221 0.000000 0.348736 0.400000 0.400000 0.400000
3414.313721 0.000000 2189.788574 0.000000 0.815235 0.000000 0.579130 0.400000 0.400000 0.400000
3429.013184 0.000000 2181.212891 0.000000 0.859905 0.000000 -0.510454 0.400000 0.400000 0.400000
3427.875000 0.000000 2192.018799 0.000000 0.973458 0.000000 0.228866 0.400000 0.400000 0.400000
3436.219727 0.000000 2188.127197 0.000000 0.991533 0.000000 0.129853 0.400000 0.400000 0.400000
3415.875488 0.000000 2185.392334 0.000000 0.910952 0.000000 0.412513 0.400000 0.400000 0.400000
3409.115967 0.000000 2175.474609 0.000000 0.968791 0.000000 0.247880 0.400000 0.400000 0.400000
3410.326660 0.000000 2181.511719 0.000000 0.201882 0.000000 -0.979410 0.400000 0.400000 0.400000
3413.914307 0.000000 2183.392578 0.000000 0.080556 0.000000 0.996750 0.400000 0.400000 0.400000
3435.825439 0.000000 2191.003906 0.000000 0.909670 0.000000 0.415331 0.400000 0.400000 0.400000
3567.848633 0.000000 2645.302734 0.000000 0.608201 0.000000 0.793783 0.400000 0.400000 0.400000
3571.267334 0.000000 2660.193848 0.000000 0.018465 0.000000 0.999829 0.400000 0.400000 0.400000
3562.555664 0.000000 2631.305908 0.000000 0.044822 0.000000 0.998995 0.400000 0.400000 0.400000
3577.981201 0.000000 2636.884766 0.000000 0.860477 0.000000 -0.509489 0.400000 0.400000 0.400000
3556.918457 0.000000 2656.489746 0.000000 0.166775 0.000000 -0.985995 0.400000 0.400000 0.400000
3565.708252 0.000000 2653.645752 0.000000 0.966517 0.000000 -0.256604 0.400000 0.400000 0.400000
3550.504150 0.000000 2651.618652 0.000000 0.034189 0.000000 0.999415 0.400000 0.400000 0.400000
3567.120605 0.000000 2624.787598 0.000000 0.374707 0.000000 -0.927143 0.400000 0.400000 0.400000
3574.942139 0.000000 2643.885742 0.000000 0.231808 0.000000 0.972762 0.400000 0.400000 0.400000
3572.454590 0.000000 2630.662598 0.000000 0.996258 0.000000 -0.086423 0.400000 0.400000 0.400000
3573.089844 0.000000 2653.582275 0.000000 0.791145 0.000000 0.611629 0.400000 0.400000 0.400000
3564.786133 0.000000 2659.749023 0.000000 0.662602 0.000000 0.748971 0.400000 0.400000 0.400000
3572.021973 0.000000 2648.461914 0.000000 0.999179 0.000000 0.040521 0.400000 0.400000 0.400000
3562.777832 0.000000 2645.139160 0.000000 0.741900 0.000000 0.670510 0.400000 0.400000 0.400000
3566.143311 0.000000 2640.690186 0.000000 0.121435 0.000000 0.992599 0.400000 0.400000 0.400000
3564.204102 0.000000 2636.017822 0.000000 0.050517 0.000000 -0.998723 0.400000 0.400000 0.400000
3554.665283 0.000000 2648.968506 0.000000 0.905688 0.000000 0.423945 0.400000 0.400000 0.400000
3573.683105 0.000000 2639.140381 0.000000 0.945523 0.000000 0.325555 0.400000 0.400000 0.400000
3560.729248 0.000000 2653.514160 0.000000 0.910720 0.000000 -0.413024 0.400000 0.400000 0.400000
3558.056885 0.000000 2644.032959 0.000000 0.860308 0.000000 -0.509775 0.400000 0.400000 0.400000
3564.991211 0.000000 2649.229492 0.000000 0.917169 0.000000 -0.398498 0.400000 0.400000 0.400000
3569.471680 0.000000 2656.045410 0.000000 0.212816 0.000000 -0.977092 0.400000 0.400000 0.400000
3574.266602 0.000000 2634.623291 0.000000 0.639960 0.000000 0.768408 0.400000 0.400000 0.400000
3552.656738 0.000000 2655.618652 0.000000 0.925283 0.000000 0.379278 0.400000 0.400000 0.400000
3570.624512 0.000000 2642.088867 0.000000 0.905215 0.000000 -0.424954 0.400000 0.400000 0.400000
3560.984375 0.000000 2657.792480 0.000000 0.877940 0.000000 -0.478771 0.400000 0.400000 0.400000
3567.744629 0.000000 2662.808105 0.000000 0.803011 0.000000 0.595964 0.400000 0.400000 0.400000
3556.857422 0.000000 2652.399170 0.000000 0.638057 0.000000 0.769989 0.400000 0.400000 0.400000
3565.094238 0.000000 2628.285400 0.000000 0.941152 0.000000 -0.337983 0.400000 0.400000 0.400000
3577.673340 0.000000 2641.150879 0.000000 0.654296 0.000000 0.756239 0.400000 0.400000 0.400000
3570.579346 0.000000 2633.531250 0.000000 0.895587 0.000000 0.444885 0.400000 0.400000 0.400000
3568.091797 0.000000 2659.199707 0.000000 0.547453 0.000000 0.836836 0.400000 0.400000 0.400000
3568.627197 0.000000 2629.111328 0.000000 0.555528 0.000000 -0.831498 0.400000 0.400000 0.400000
3563.935059 0.000000 2656.431641 0.000000 0.967158 0.000000 -0.254174 0.400000 0.400000 0.400000
3571.783691 0.000000 2645.088623 0.000000 0.386844 0.000000 -0.922145 0.400000 0.400000 0.400000
3568.110840 0.000000 2648.515869 0.000000 0.905336 0.000000 -0.424696 0.400000 0.400000 0.400000
3563.279785 0.000000 2642.036377 0.000000 0.486553 0.000000 -0.873651 0.400000 0.400000 0.400000
3572.175293 0.000000 2636.638916 0.000000 0.760439 0.000000 0.649409 0.400000 0.400000 0.400000
3560.748047 0.000000 2643.301514 0.000000 0.091915 0.000000 -0.995767 0.400000 0.400000 0.400000
3566.763672 0.000000 2656.476562 0.000000 0.909606 0.000000 0.415472 0.400000 0.400000 0.400000
3563.809814 0.000000 2638.894531 0.000000 0.443215 0.000000 -0.896415 0.400000 0.400000 0.400000
3566.659668 0.000000 2637.994141 0.000000 0.999646 0.000000 -0.026606 0.400000 0.400000 0.400000
3571.770996 0.000000 2651.056641 0.000000 0.679548 0.000000 0.733631 0.400000 0.400000 0.400000
3564.928467 0.000000 2646.629395 0.000000 0.774651 0.000000 -0.632389 0.400000 0.400000 0.400000
3573.244385 0.000000 2641.768799 0.000000 0.208125 0.000000 0.978102 0.400000 0.400000 0.400000
3606.536133 0.000000 2654.791260 0.000000 0.826334 0.000000 0.563180 0.400000 0.400000 0.400000
3635.259521 0.000000 2660.193848 0.000000 0.943839 0.000000 0.330406 0.400000 0.400000 0.400000
3591.729736 0.000000 2652.683838 0.000000 0.866058 0.000000 0.499943 0.400000 0.400000 0.400000
3620.910645 0.000000 2656.489746 0.000000 0.231216 0.000000 0.972902 0.400000 0.400000 0.400000
3614.496338 0.000000 2651.618652 0.000000 0.084902 0.000000 0.996389 0.400000 0.400000 0.400000
3644.832764 0.000000 2659.511230 0.000000 0.974382 0.000000 0.224901 0.400000 0.400000 0.400000
3614.278564 0.000000 2659.168213 0.000000 0.125778 0.000000 0.992058 0.400000 0.400000 0.400000
3599.145996 0.000000 2656.308350 0.000000 0.968170 0.000000 -0.250295 0.400000 0.400000 0.400000
3644.992432 0.000000 2644.183105 0.000000 0.586267 0.000000 0.810118 0.400000 0.400000 0.400000
3640.256836 0.000000 2662.955566 0.000000 0.310998 0.000000 -0.950410 0.400000 0.400000 0.400000
3586.325195 0.000000 2652.901611 0.000000 0.174355 0.000000 0.984683 0.400000 0.400000 0.400000
3591.729248 0.000000 2657.542725 0.000000 0.248531 0.000000 0.968624 0.400000 0.400000 0.400000
3609.751953 0.000000 2651.198730 0.000000 0.954450 0.000000 0.298370 0.400000 0.400000 0.400000
3613.132568 0.000000 2646.992676 0.000000 0.911581 0.000000 -0.411120 0.400000 0.400000 0.400000
3611.131348 0.000000 2655.609619 0.000000 0.657553 0.000000 0.753408 0.400000 0.400000 0.400000
3596.168701 0.000000 2652.993164 0.000000 0.898486 0.000000 -0.439002 0.400000 0.400000 0.400000
3645.578369 0.000000 2653.260742 0.000000 0.312043 0.000000 -0.950068 0.400000 0.400000 0.400000
3616.648926 0.000000 2655.618652 0.000000 0.571968 0.000000 0.820276 0.400000 0.400000 0.400000
3603.111084 0.000000 2657.486572 0.000000 0.848667 0.000000 -0.528927 0.400000 0.400000 0.400000
3602.511719 0.000000 2653.202148 0.000000 0.880043 0.000000 0.474893 0.400000 0.400000 0.400000
3645.873047 0.000000 2663.504639 0.000000 0.439455 0.000000 -0.898264 0.400000 0.400000 0.400000
3599.344971 0.000000 2660.257812 0.000000 0.125113 0.000000 -0.992142 0.400000 0.400000 0.400000
3646.221680 0.000000 2647.675049 0.000000 0.506350 0.000000 -0.862328 0.400000 0.400000 0.400000
3620.844971 0.000000 2665.638672 0.000000 0.642497 0.000000 0.766288 0.400000 0.400000 0.400000
3645.149902 0.000000 2656.441650 0.000000 0.784081 0.000000 -0.620659 0.400000 0.400000 0.400000
3643.003418 0.000000 2661.979980 0.000000 0.698428 0.000000 0.715680 0.400000 0.400000 0.400000
3642.184326 0.000000 2658.552979 0.000000 0.665511 0.000000 -0.746388 0.400000 0.400000 0.400000
3589.491943 0.000000 2654.096436 0.000000 0.924173 0.000000 -0.381974 0.400000 0.400000 0.400000
3593.362061 0.000000 2654.773438 0.000000 0.620563 0.000000 0.784157 0.400000 0.400000 0.400000
3647.785400 0.000000 2648.238037 0.000000 0.999977 0.000000 0.006748 0.400000 0.400000 0.400000
3652.807617 0.000000 2661.391602 0.000000 0.798587 0.000000 0.601879 0.400000 0.400000 0.400000
3647.588867 0.000000 2662.160645 0.000000 0.415430 0.000000 -0.909625 0.400000 0.400000 0.400000
3647.629639 0.000000 2654.434814 0.000000 0.584572 0.000000 0.811342 0.400000 0.400000 0.400000
3647.604736 0.000000 2651.343018 0.000000 0.219291 0.000000 -0.975659 0.400000 0.400000 0.400000
"}
