object={
	name="tree_cypress_01_generator_1_0"
	clamp_to_water_level=no
	render_under_water=no
	generated_content=yes
	layer="tree_high_layer"
	pdxmesh="tree_cypress_01_a_mesh"
	count=18
	transform="3923.162354 0.000000 1608.632935 0.000000 0.261615 0.000000 0.965172 1.000000 1.000000 1.000000
3933.028076 0.000000 1601.333008 0.000000 0.514460 0.000000 0.857515 1.000000 1.000000 1.000000
3940.950684 0.000000 1605.353516 0.000000 0.397333 0.000000 0.917675 1.000000 1.000000 1.000000
3918.263184 0.000000 1610.774414 0.000000 0.810429 0.000000 0.585836 1.000000 1.000000 1.000000
3927.812988 0.000000 1609.532959 0.000000 0.904672 0.000000 0.426108 1.000000 1.000000 1.000000
3928.808838 0.000000 1617.561768 0.000000 0.898834 0.000000 0.438289 1.000000 1.000000 1.000000
3941.697510 0.000000 1602.123291 0.000000 0.992472 0.000000 0.122471 1.000000 1.000000 1.000000
3338.975586 0.000000 2240.239990 0.000000 0.689493 0.000000 0.724292 1.000000 1.000000 1.000000
3334.418457 0.000000 2254.356689 0.000000 0.701678 0.000000 0.712494 1.000000 1.000000 1.000000
3341.511963 0.000000 2257.037842 0.000000 0.968993 0.000000 0.247089 1.000000 1.000000 1.000000
3339.873291 0.000000 2242.494873 0.000000 0.801412 0.000000 0.598113 1.000000 1.000000 1.000000
3333.068115 0.000000 2252.739258 0.000000 0.994733 0.000000 0.102496 1.000000 1.000000 1.000000
3341.611816 0.000000 2246.665771 0.000000 0.439044 0.000000 0.898466 1.000000 1.000000 1.000000
3339.864258 0.000000 2256.553955 0.000000 0.257341 0.000000 0.966321 1.000000 1.000000 1.000000
3338.486572 0.000000 2253.221924 0.000000 0.938116 0.000000 0.346321 1.000000 1.000000 1.000000
3337.509766 0.000000 2248.020996 0.000000 0.784658 0.000000 0.619929 1.000000 1.000000 1.000000
3340.758789 0.000000 2243.871094 0.000000 0.710798 0.000000 0.703396 1.000000 1.000000 1.000000
3333.157715 0.000000 2256.249268 0.000000 0.472427 0.000000 0.881370 1.000000 1.000000 1.000000
"}
object={
	name="tree_cypress_01_generator_1_1"
	clamp_to_water_level=no
	render_under_water=no
	generated_content=yes
	layer="tree_high_layer"
	pdxmesh="tree_cypress_01_b_mesh"
	count=21
	transform="3920.590088 0.000000 1617.026978 0.000000 0.854402 0.000000 -0.519613 1.000000 1.000000 1.000000
3939.019531 0.000000 1600.171875 0.000000 0.999629 0.000000 -0.027248 1.000000 1.000000 1.000000
3939.046387 0.000000 1610.754272 0.000000 0.956522 0.000000 -0.291660 1.000000 1.000000 1.000000
3932.296143 0.000000 1614.920166 0.000000 0.866162 0.000000 -0.499763 1.000000 1.000000 1.000000
3926.251221 0.000000 1613.929077 0.000000 0.911971 0.000000 -0.410255 1.000000 1.000000 1.000000
3927.005127 0.000000 1604.912354 0.000000 0.650415 0.000000 -0.759579 1.000000 1.000000 1.000000
3936.218750 0.000000 1605.654541 0.000000 0.666342 0.000000 -0.745646 1.000000 1.000000 1.000000
3333.082275 0.000000 2257.775391 0.000000 0.981826 0.000000 -0.189784 1.000000 1.000000 1.000000
3336.814697 0.000000 2246.353027 0.000000 0.754752 0.000000 -0.656010 1.000000 1.000000 1.000000
3333.649414 0.000000 2260.893555 0.000000 0.998762 0.000000 -0.049740 1.000000 1.000000 1.000000
3339.472900 0.000000 2251.737549 0.000000 0.999655 0.000000 -0.026282 1.000000 1.000000 1.000000
3335.104736 0.000000 2248.925781 0.000000 0.925374 0.000000 -0.379055 1.000000 1.000000 1.000000
3335.087158 0.000000 2258.048340 0.000000 0.935796 0.000000 -0.352542 1.000000 1.000000 1.000000
3335.584961 0.000000 2250.899170 0.000000 0.771178 0.000000 -0.636620 1.000000 1.000000 1.000000
3338.757080 0.000000 2246.851562 0.000000 0.855977 0.000000 -0.517014 1.000000 1.000000 1.000000
3340.324951 0.000000 2250.145996 0.000000 0.859195 0.000000 -0.511649 1.000000 1.000000 1.000000
3334.755859 0.000000 2259.706543 0.000000 0.836948 0.000000 -0.547282 1.000000 1.000000 1.000000
3338.251709 0.000000 2256.097412 0.000000 0.640747 0.000000 -0.767752 1.000000 1.000000 1.000000
3338.863770 0.000000 2243.717041 0.000000 0.769246 0.000000 -0.638953 1.000000 1.000000 1.000000
3333.150635 0.000000 2259.446289 0.000000 0.591633 0.000000 -0.806207 1.000000 1.000000 1.000000
3431.433350 0.000000 2406.861084 0.000000 0.777376 0.000000 -0.629037 1.000000 1.000000 1.000000
"}
object={
	name="tree_cypress_01_generator_1_2"
	clamp_to_water_level=no
	render_under_water=no
	generated_content=yes
	layer="tree_high_layer"
	pdxmesh="tree_cypress_01_c_mesh"
	count=11
	transform="3931.890625 0.000000 1607.274048 0.000000 0.174191 0.000000 -0.984712 1.000000 1.000000 1.000000
3943.758545 0.000000 1611.644409 0.000000 0.255548 0.000000 -0.966796 1.000000 1.000000 1.000000
3921.898438 0.000000 1612.917480 0.000000 0.019257 0.000000 -0.999815 1.000000 1.000000 1.000000
3938.504150 0.000000 1603.315063 0.000000 0.401866 0.000000 -0.915699 1.000000 1.000000 1.000000
3337.269287 0.000000 2249.698486 0.000000 0.528593 0.000000 -0.848875 1.000000 1.000000 1.000000
3339.451660 0.000000 2254.881836 0.000000 0.568469 0.000000 -0.822705 1.000000 1.000000 1.000000
3339.697266 0.000000 2245.059326 0.000000 0.569616 0.000000 -0.821911 1.000000 1.000000 1.000000
3338.866211 0.000000 2249.426758 0.000000 0.525432 0.000000 -0.850835 1.000000 1.000000 1.000000
3340.260254 0.000000 2246.364014 0.000000 0.516891 0.000000 -0.856051 1.000000 1.000000 1.000000
3341.198730 0.000000 2242.197998 0.000000 0.456493 0.000000 -0.889727 1.000000 1.000000 1.000000
3341.043457 0.000000 2245.297607 0.000000 0.047792 0.000000 -0.998857 1.000000 1.000000 1.000000
"}
